Vertex Count: 36

Data:

c 0.5804 0.6941 0.1059
d 1 0 1 0 0 0 -1 0
d -1 0 1 1 0 0 -1 0
d -1 0 -1 1 1 0 -1 0
d -1 0 -1 1 1 0 -1 0
d 1 0 -1 0 1 0 -1 0
d 1 0 1 0 0 0 -1 0
d 1 2 1 1 0 0 1 0
d 1 2 -1 1 1 0 1 0
d -1 2 -1 0 1 0 1 0
d -1 2 -1 0 1 0 1 0
d -1 2 1 0 0 0 1 0
d 1 2 1 1 0 0 1 0
d 1 2 -1 1 0 0 0 -1
d 1 0 -1 1 1 0 0 -1
d -1 0 -1 0 1 0 0 -1
d -1 0 -1 0 1 0 0 -1
d -1 2 -1 0 0 0 0 -1
d 1 2 -1 1 0 0 0 -1
d 1 2 1 1 0 1 0 0
d 1 0 1 1 1 1 0 0
d 1 0 -1 0 1 1 0 0
d 1 0 -1 0 1 1 0 0
d 1 2 -1 0 0 1 0 0
d 1 2 1 1 0 1 0 0
d -1 2 1 1 0 0 0 1
d -1 0 1 1 1 0 0 1
d 1 0 1 0 1 0 0 1
d 1 0 1 0 1 0 0 1
d 1 2 1 0 0 0 0 1
d -1 2 1 1 0 0 0 1
d -1 2 -1 1 0 -1 0 0
d -1 0 -1 1 1 -1 0 0
d -1 0 1 0 1 -1 0 0
d -1 0 1 0 1 -1 0 0
d -1 2 1 0 0 -1 0 0
d -1 2 -1 1 0 -1 0 0
