Vertex Count: 900

Data:

c 0.3333 0.1098 0.6941
d 1 -1 1 0 0 0 -1 0
d -1 -1 1 1 0 0 -1 0
d -1 -1 -1 1 1 0 -1 0
d -1 -1 -1 1 1 0 -1 0
d 1 -1 -1 0 1 0 -1 0
d 1 -1 1 0 0 0 -1 0
d 1 1 1 1 0 0 1 0
d 1 1 -1 1 1 0 1 0
d -1 1 -1 0 1 0 1 0
d -1 1 -1 0 1 0 1 0
d -1 1 1 0 0 0 1 0
d 1 1 1 1 0 0 1 0
d 1 1 -1 1 0 0 0 -1
d 1 -1 -1 1 1 0 0 -1
d -1 -1 -1 0 1 0 0 -1
d -1 -1 -1 0 1 0 0 -1
d -1 1 -1 0 0 0 0 -1
d 1 1 -1 1 0 0 0 -1
d 1 1 1 1 0 1 0 0
d 1 -1 1 1 1 1 0 0
d 1 -1 -1 0 1 1 0 0
d 1 -1 -1 0 1 1 0 0
d 1 1 -1 0 0 1 0 0
d 1 1 1 1 0 1 0 0
d -1 1 1 1 0 0 0 1
d -1 -1 1 1 1 0 0 1
d 1 -1 1 0 1 0 0 1
d 1 -1 1 0 1 0 0 1
d 1 1 1 0 0 0 0 1
d -1 1 1 1 0 0 0 1
d -1 1 -1 1 0 -1 0 0
d -1 -1 -1 1 1 -1 0 0
d -1 -1 1 0 1 -1 0 0
d -1 -1 1 0 1 -1 0 0
d -1 1 1 0 0 -1 0 0
d -1 1 -1 1 0 -1 0 0
c 0.4235 0.0314 0.5333
d 0.9529 0.5546 -0.6546 -0.25 1 -0.5275 -0.6668 0.5264
d 0.5633 0.94 -0.5569 0.0833 1 -0.5275 -0.6668 0.5264
d 0.6808 0.703 -0.7394 0.5 1 -0.5275 -0.6668 0.5264
d 0.5633 0.94 -0.5569 0.0833 1 -0.5275 -0.6668 0.5264
d 0.526 0.6144 -1.0068 0.4167 1 -0.5275 -0.6668 0.5264
d 0.6808 0.703 -0.7394 0.5 1 -0.5275 -0.6668 0.5264
d 0.526 0.6144 -1.0068 0.4167 1 -0.5275 -0.6668 0.5264
d 0.9529 0.5546 -0.6546 0.75 1 -0.5275 -0.6668 0.5264
d 0.6808 0.703 -0.7394 0.5 1 -0.5275 -0.6668 0.5264
d 1.0123 0.7281 -0.7851 -0.25 0.8 0.5283 0.3363 0.7796
d 0.7006 1.0364 -0.7069 0.0833 0.8 0.5283 0.3363 0.7796
d 0.9529 0.5546 -0.6546 -0.25 1 0.5283 0.3363 0.7796
d 0.7006 1.0364 -0.7069 0.0833 0.8 0.5283 0.3363 0.7796
d 0.5633 0.94 -0.5569 0.0833 1 0.5283 0.3363 0.7796
d 0.9529 0.5546 -0.6546 -0.25 1 0.5283 0.3363 0.7796
d 0.7006 1.0364 -0.7069 0.0833 0.8 -0.7944 0.5215 -0.3115
d 0.6707 0.7759 -1.0668 0.4167 0.8 -0.7944 0.5215 -0.3115
d 0.5633 0.94 -0.5569 0.0833 1 -0.7944 0.5215 -0.3115
d 0.6707 0.7759 -1.0668 0.4167 0.8 -0.7944 0.5215 -0.3115
d 0.526 0.6144 -1.0068 0.4167 1 -0.7944 0.5215 -0.3115
d 0.5633 0.94 -0.5569 0.0833 1 -0.7944 0.5215 -0.3115
d 0.6707 0.7759 -1.0668 0.4167 0.8 0.4127 -0.6725 -0.6144
d 1.0123 0.7281 -0.7851 0.75 0.8 0.4127 -0.6725 -0.6144
d 0.526 0.6144 -1.0068 0.4167 1 0.4127 -0.6725 -0.6144
d 1.0123 0.7281 -0.7851 0.75 0.8 0.4127 -0.6725 -0.6144
d 0.9529 0.5546 -0.6546 0.75 1 0.4127 -0.6725 -0.6144
d 0.526 0.6144 -1.0068 0.4167 1 0.4127 -0.6725 -0.6144
d 1.0716 0.9016 -0.9156 -0.25 0.6 0.5283 0.3363 0.7796
d 0.8378 1.1328 -0.8569 0.0833 0.6 0.5283 0.3363 0.7796
d 1.0123 0.7281 -0.7851 -0.25 0.8 0.5283 0.3363 0.7796
d 0.8378 1.1328 -0.8569 0.0833 0.6 0.5283 0.3363 0.7796
d 0.7006 1.0364 -0.7069 0.0833 0.8 0.5283 0.3363 0.7796
d 1.0123 0.7281 -0.7851 -0.25 0.8 0.5283 0.3363 0.7796
d 0.8378 1.1328 -0.8569 0.0833 0.6 -0.7944 0.5215 -0.3115
d 0.8154 0.9374 -1.1269 0.4167 0.6 -0.7944 0.5215 -0.3115
d 0.7006 1.0364 -0.7069 0.0833 0.8 -0.7944 0.5215 -0.3115
d 0.8154 0.9374 -1.1269 0.4167 0.6 -0.7944 0.5215 -0.3115
d 0.6707 0.7759 -1.0668 0.4167 0.8 -0.7944 0.5215 -0.3115
d 0.7006 1.0364 -0.7069 0.0833 0.8 -0.7944 0.5215 -0.3115
d 0.8154 0.9374 -1.1269 0.4167 0.6 0.4127 -0.6725 -0.6144
d 1.0716 0.9016 -0.9156 0.75 0.6 0.4127 -0.6725 -0.6144
d 0.6707 0.7759 -1.0668 0.4167 0.8 0.4127 -0.6725 -0.6144
d 1.0716 0.9016 -0.9156 0.75 0.6 0.4127 -0.6725 -0.6144
d 1.0123 0.7281 -0.7851 0.75 0.8 0.4127 -0.6725 -0.6144
d 0.6707 0.7759 -1.0668 0.4167 0.8 0.4127 -0.6725 -0.6144
d 1.1309 1.075 -1.046 -0.25 0.4 0.5283 0.3363 0.7796
d 0.975 1.2292 -1.0069 0.0833 0.4 0.5283 0.3363 0.7796
d 1.0716 0.9016 -0.9156 -0.25 0.6 0.5283 0.3363 0.7796
d 0.975 1.2292 -1.0069 0.0833 0.4 0.5283 0.3363 0.7796
d 0.8378 1.1328 -0.8569 0.0833 0.6 0.5283 0.3363 0.7796
d 1.0716 0.9016 -0.9156 -0.25 0.6 0.5283 0.3363 0.7796
d 0.975 1.2292 -1.0069 0.0833 0.4 -0.7944 0.5215 -0.3115
d 0.9601 1.0989 -1.1869 0.4167 0.4 -0.7944 0.5215 -0.3115
d 0.8378 1.1328 -0.8569 0.0833 0.6 -0.7944 0.5215 -0.3115
d 0.9601 1.0989 -1.1869 0.4167 0.4 -0.7944 0.5215 -0.3115
d 0.8154 0.9374 -1.1269 0.4167 0.6 -0.7944 0.5215 -0.3115
d 0.8378 1.1328 -0.8569 0.0833 0.6 -0.7944 0.5215 -0.3115
d 0.9601 1.0989 -1.1869 0.4167 0.4 0.4127 -0.6725 -0.6144
d 1.1309 1.075 -1.046 0.75 0.4 0.4127 -0.6725 -0.6144
d 0.8154 0.9374 -1.1269 0.4167 0.6 0.4127 -0.6725 -0.6144
d 1.1309 1.075 -1.046 0.75 0.4 0.4127 -0.6725 -0.6144
d 1.0716 0.9016 -0.9156 0.75 0.6 0.4127 -0.6725 -0.6144
d 0.8154 0.9374 -1.1269 0.4167 0.6 0.4127 -0.6725 -0.6144
d 1.1902 1.2485 -1.1765 -0.25 0.2 0.5283 0.3363 0.7796
d 1.1123 1.3256 -1.1569 0.0833 0.2 0.5283 0.3363 0.7796
d 1.1309 1.075 -1.046 -0.25 0.4 0.5283 0.3363 0.7796
d 1.1123 1.3256 -1.1569 0.0833 0.2 0.5283 0.3363 0.7796
d 0.975 1.2292 -1.0069 0.0833 0.4 0.5283 0.3363 0.7796
d 1.1309 1.075 -1.046 -0.25 0.4 0.5283 0.3363 0.7796
d 1.1123 1.3256 -1.1569 0.0833 0.2 -0.7944 0.5215 -0.3115
d 1.1048 1.2604 -1.2469 0.4167 0.2 -0.7944 0.5215 -0.3115
d 0.975 1.2292 -1.0069 0.0833 0.4 -0.7944 0.5215 -0.3115
d 1.1048 1.2604 -1.2469 0.4167 0.2 -0.7944 0.5215 -0.3115
d 0.9601 1.0989 -1.1869 0.4167 0.4 -0.7944 0.5215 -0.3115
d 0.975 1.2292 -1.0069 0.0833 0.4 -0.7944 0.5215 -0.3115
d 1.1048 1.2604 -1.2469 0.4167 0.2 0.4127 -0.6725 -0.6144
d 1.1902 1.2485 -1.1765 0.75 0.2 0.4127 -0.6725 -0.6144
d 0.9601 1.0989 -1.1869 0.4167 0.4 0.4127 -0.6725 -0.6144
d 1.1902 1.2485 -1.1765 0.75 0.2 0.4127 -0.6725 -0.6144
d 1.1309 1.075 -1.046 0.75 0.4 0.4127 -0.6725 -0.6144
d 0.9601 1.0989 -1.1869 0.4167 0.4 0.4127 -0.6725 -0.6144
d 1.2495 1.422 -1.307 0.5 0 0 0 0
d 1.2495 1.422 -1.307 0.5 0 0 0 0
d 1.1902 1.2485 -1.1765 0.75 0.2 0 0 0
d 1.2495 1.422 -1.307 0.5 0 0.5283 0.3363 0.7796
d 1.1123 1.3256 -1.1569 0.0833 0.2 0.5283 0.3363 0.7796
d 1.1902 1.2485 -1.1765 -0.25 0.2 0.5283 0.3363 0.7796
d 1.2495 1.422 -1.307 0.5 0 0 0 0
d 1.2495 1.422 -1.307 0.5 0 0 0 0
d 1.1123 1.3256 -1.1569 0.0833 0.2 0 0 0
d 1.2495 1.422 -1.307 0.5 0 -0.7944 0.5215 -0.3115
d 1.1048 1.2604 -1.2469 0.4167 0.2 -0.7944 0.5215 -0.3115
d 1.1123 1.3256 -1.1569 0.0833 0.2 -0.7944 0.5215 -0.3115
d 1.2495 1.422 -1.307 0.5 0 0 0 0
d 1.2495 1.422 -1.307 0.5 0 0 0 0
d 1.1048 1.2604 -1.2469 0.4167 0.2 0 0 0
d 1.2495 1.422 -1.307 0.5 0 0.4127 -0.6725 -0.6144
d 1.1902 1.2485 -1.1765 0.75 0.2 0.4127 -0.6725 -0.6144
d 1.1048 1.2604 -1.2469 0.4167 0.2 0.4127 -0.6725 -0.6144
d 1.2495 1.422 -1.307 0.5 0 0.8469 -0.4617 0.2639
d 1.2495 1.422 -1.307 0.5 0 0.8469 -0.4617 0.2639
d 1.2495 1.422 -1.307 0.5 0 0.8469 -0.4617 0.2639
d 1.2495 1.422 -1.307 0.5 0 0.8469 -0.4617 0.2639
d 1.2495 1.422 -1.307 0.5 0 0.8469 -0.4617 0.2639
d 1.2495 1.422 -1.307 0.5 0 0.8469 -0.4617 0.2639
d 1.2495 1.422 -1.307 0.5 0 0.8469 -0.4617 0.2639
d 1.2495 1.422 -1.307 0.5 0 0.8469 -0.4617 0.2639
d 1.2495 1.422 -1.307 0.5 0 0.8469 -0.4617 0.2639
c 0.4235 0.0314 0.5333
d -0.4899 0.9769 -0.6633 -0.25 1 0.5433 -0.719 0.4334
d -0.9571 0.713 -0.5154 0.0833 1 0.5433 -0.719 0.4334
d -0.7212 0.7633 -0.7277 0.5 1 0.5433 -0.719 0.4334
d -0.9571 0.713 -0.5154 0.0833 1 0.5433 -0.719 0.4334
d -0.7166 0.6 -1.0045 0.4167 1 0.5433 -0.719 0.4334
d -0.7212 0.7633 -0.7277 0.5 1 0.5433 -0.719 0.4334
d -0.7166 0.6 -1.0045 0.4167 1 0.5433 -0.719 0.4334
d -0.4899 0.9769 -0.6633 0.75 1 0.5433 -0.719 0.4334
d -0.7212 0.7633 -0.7277 0.5 1 0.5433 -0.719 0.4334
d -0.6533 1.0892 -0.7697 -0.25 0.8 -0.0646 0.5726 0.8173
d -1.0271 0.8781 -0.6513 0.0833 0.8 -0.0646 0.5726 0.8173
d -0.4899 0.9769 -0.6633 -0.25 1 -0.0646 0.5726 0.8173
d -1.0271 0.8781 -0.6513 0.0833 0.8 -0.0646 0.5726 0.8173
d -0.9571 0.713 -0.5154 0.0833 1 -0.0646 0.5726 0.8173
d -0.4899 0.9769 -0.6633 -0.25 1 -0.0646 0.5726 0.8173
d -1.0271 0.8781 -0.6513 0.0833 0.8 -0.767 -0.5951 -0.2397
d -0.8347 0.7877 -1.0426 0.4167 0.8 -0.767 -0.5951 -0.2397
d -0.9571 0.713 -0.5154 0.0833 1 -0.767 -0.5951 -0.2397
d -0.8347 0.7877 -1.0426 0.4167 0.8 -0.767 -0.5951 -0.2397
d -0.7166 0.6 -1.0045 0.4167 1 -0.767 -0.5951 -0.2397
d -0.9571 0.713 -0.5154 0.0833 1 -0.767 -0.5951 -0.2397
d -0.8347 0.7877 -1.0426 0.4167 0.8 0.6807 0.2224 -0.698
d -0.6533 1.0892 -0.7697 0.75 0.8 0.6807 0.2224 -0.698
d -0.7166 0.6 -1.0045 0.4167 1 0.6807 0.2224 -0.698
d -0.6533 1.0892 -0.7697 0.75 0.8 0.6807 0.2224 -0.698
d -0.4899 0.9769 -0.6633 0.75 1 0.6807 0.2224 -0.698
d -0.7166 0.6 -1.0045 0.4167 1 0.6807 0.2224 -0.698
d -0.8167 1.2016 -0.876 -0.25 0.6 -0.0646 0.5726 0.8173
d -1.0971 1.0432 -0.7873 0.0833 0.6 -0.0646 0.5726 0.8173
d -0.6533 1.0892 -0.7697 -0.25 0.8 -0.0646 0.5726 0.8173
d -1.0971 1.0432 -0.7873 0.0833 0.6 -0.0646 0.5726 0.8173
d -1.0271 0.8781 -0.6513 0.0833 0.8 -0.0646 0.5726 0.8173
d -0.6533 1.0892 -0.7697 -0.25 0.8 -0.0646 0.5726 0.8173
d -1.0971 1.0432 -0.7873 0.0833 0.6 -0.767 -0.5951 -0.2397
d -0.9527 0.9754 -1.0807 0.4167 0.6 -0.767 -0.5951 -0.2397
d -1.0271 0.8781 -0.6513 0.0833 0.8 -0.767 -0.5951 -0.2397
d -0.9527 0.9754 -1.0807 0.4167 0.6 -0.767 -0.5951 -0.2397
d -0.8347 0.7877 -1.0426 0.4167 0.8 -0.767 -0.5951 -0.2397
d -1.0271 0.8781 -0.6513 0.0833 0.8 -0.767 -0.5951 -0.2397
d -0.9527 0.9754 -1.0807 0.4167 0.6 0.6807 0.2224 -0.698
d -0.8167 1.2016 -0.876 0.75 0.6 0.6807 0.2224 -0.698
d -0.8347 0.7877 -1.0426 0.4167 0.8 0.6807 0.2224 -0.698
d -0.8167 1.2016 -0.876 0.75 0.6 0.6807 0.2224 -0.698
d -0.6533 1.0892 -0.7697 0.75 0.8 0.6807 0.2224 -0.698
d -0.8347 0.7877 -1.0426 0.4167 0.8 0.6807 0.2224 -0.698
d -0.9801 1.3139 -0.9824 -0.25 0.4 -0.0646 0.5726 0.8173
d -1.167 1.2083 -0.9232 0.0833 0.4 -0.0646 0.5726 0.8173
d -0.8167 1.2016 -0.876 -0.25 0.6 -0.0646 0.5726 0.8173
d -1.167 1.2083 -0.9232 0.0833 0.4 -0.0646 0.5726 0.8173
d -1.0971 1.0432 -0.7873 0.0833 0.6 -0.0646 0.5726 0.8173
d -0.8167 1.2016 -0.876 -0.25 0.6 -0.0646 0.5726 0.8173
d -1.167 1.2083 -0.9232 0.0833 0.4 -0.767 -0.5951 -0.2397
d -1.0708 1.1631 -1.1188 0.4167 0.4 -0.767 -0.5951 -0.2397
d -1.0971 1.0432 -0.7873 0.0833 0.6 -0.767 -0.5951 -0.2397
d -1.0708 1.1631 -1.1188 0.4167 0.4 -0.767 -0.5951 -0.2397
d -0.9527 0.9754 -1.0807 0.4167 0.6 -0.767 -0.5951 -0.2397
d -1.0971 1.0432 -0.7873 0.0833 0.6 -0.767 -0.5951 -0.2397
d -1.0708 1.1631 -1.1188 0.4167 0.4 0.6807 0.2224 -0.698
d -0.9801 1.3139 -0.9824 0.75 0.4 0.6807 0.2224 -0.698
d -0.9527 0.9754 -1.0807 0.4167 0.6 0.6807 0.2224 -0.698
d -0.9801 1.3139 -0.9824 0.75 0.4 0.6807 0.2224 -0.698
d -0.8167 1.2016 -0.876 0.75 0.6 0.6807 0.2224 -0.698
d -0.9527 0.9754 -1.0807 0.4167 0.6 0.6807 0.2224 -0.698
d -1.1435 1.4262 -1.0887 -0.25 0.2 -0.0646 0.5726 0.8173
d -1.237 1.3734 -1.0591 0.0833 0.2 -0.0646 0.5726 0.8173
d -0.9801 1.3139 -0.9824 -0.25 0.4 -0.0646 0.5726 0.8173
d -1.237 1.3734 -1.0591 0.0833 0.2 -0.0646 0.5726 0.8173
d -1.167 1.2083 -0.9232 0.0833 0.4 -0.0646 0.5726 0.8173
d -0.9801 1.3139 -0.9824 -0.25 0.4 -0.0646 0.5726 0.8173
d -1.237 1.3734 -1.0591 0.0833 0.2 -0.767 -0.5951 -0.2397
d -1.1889 1.3508 -1.1569 0.4167 0.2 -0.767 -0.5951 -0.2397
d -1.167 1.2083 -0.9232 0.0833 0.4 -0.767 -0.5951 -0.2397
d -1.1889 1.3508 -1.1569 0.4167 0.2 -0.767 -0.5951 -0.2397
d -1.0708 1.1631 -1.1188 0.4167 0.4 -0.767 -0.5951 -0.2397
d -1.167 1.2083 -0.9232 0.0833 0.4 -0.767 -0.5951 -0.2397
d -1.1889 1.3508 -1.1569 0.4167 0.2 0.6807 0.2224 -0.698
d -1.1435 1.4262 -1.0887 0.75 0.2 0.6807 0.2224 -0.698
d -1.0708 1.1631 -1.1188 0.4167 0.4 0.6807 0.2224 -0.698
d -1.1435 1.4262 -1.0887 0.75 0.2 0.6807 0.2224 -0.698
d -0.9801 1.3139 -0.9824 0.75 0.4 0.6807 0.2224 -0.698
d -1.0708 1.1631 -1.1188 0.4167 0.4 0.6807 0.2224 -0.698
d -1.3069 1.5385 -1.195 0.5 0 0 0 0
d -1.3069 1.5385 -1.195 0.5 0 0 0 0
d -1.1435 1.4262 -1.0887 0.75 0.2 0 0 0
d -1.3069 1.5385 -1.195 0.5 0 -0.0646 0.5726 0.8173
d -1.237 1.3734 -1.0591 0.0833 0.2 -0.0646 0.5726 0.8173
d -1.1435 1.4262 -1.0887 -0.25 0.2 -0.0646 0.5726 0.8173
d -1.3069 1.5385 -1.195 0.5 0 0 0 0
d -1.3069 1.5385 -1.195 0.5 0 0 0 0
d -1.237 1.3734 -1.0591 0.0833 0.2 0 0 0
d -1.3069 1.5385 -1.195 0.5 0 -0.767 -0.5951 -0.2397
d -1.1889 1.3508 -1.1569 0.4167 0.2 -0.767 -0.5951 -0.2397
d -1.237 1.3734 -1.0591 0.0833 0.2 -0.767 -0.5951 -0.2397
d -1.3069 1.5385 -1.195 0.5 0 0 0 0
d -1.3069 1.5385 -1.195 0.5 0 0 0 0
d -1.1889 1.3508 -1.1569 0.4167 0.2 0 0 0
d -1.3069 1.5385 -1.195 0.5 0 0.6807 0.2224 -0.698
d -1.1435 1.4262 -1.0887 0.75 0.2 0.6807 0.2224 -0.698
d -1.1889 1.3508 -1.1569 0.4167 0.2 0.6807 0.2224 -0.698
d -1.3069 1.5385 -1.195 0.5 0 0.7198 0.6646 0.2004
d -1.3069 1.5385 -1.195 0.5 0 0.7198 0.6646 0.2004
d -1.3069 1.5385 -1.195 0.5 0 0.7198 0.6646 0.2004
d -1.3069 1.5385 -1.195 0.5 0 0.7198 0.6646 0.2004
d -1.3069 1.5385 -1.195 0.5 0 0.7198 0.6646 0.2004
d -1.3069 1.5385 -1.195 0.5 0 0.7198 0.6646 0.2004
d -1.3069 1.5385 -1.195 0.5 0 0.7198 0.6646 0.2004
d -1.3069 1.5385 -1.195 0.5 0 0.7198 0.6646 0.2004
d -1.3069 1.5385 -1.195 0.5 0 0.7198 0.6646 0.2004
c 0.4235 0.0314 0.5333
d 0.6244 0.5546 1.0149 -0.25 1 -0.5778 -0.6668 -0.4706
d 0.4871 0.94 0.6374 0.0833 1 -0.5778 -0.6668 -0.4706
d 0.6808 0.703 0.7354 0.5 1 -0.5778 -0.6668 -0.4706
d 0.4871 0.94 0.6374 0.0833 1 -0.5778 -0.6668 -0.4706
d 0.9308 0.6144 0.554 0.4167 1 -0.5778 -0.6668 -0.4706
d 0.6808 0.703 0.7354 0.5 1 -0.5778 -0.6668 -0.4706
d 0.9308 0.6144 0.554 0.4167 1 -0.5778 -0.6668 -0.4706
d 0.6244 0.5546 1.0149 0.75 1 -0.5778 -0.6668 -0.4706
d 0.6808 0.703 0.7354 0.5 1 -0.5778 -0.6668 -0.4706
d 0.7603 0.7281 1.0604 -0.25 0.8 -0.7211 0.3363 0.6057
d 0.6504 1.0364 0.7585 0.0833 0.8 -0.7211 0.3363 0.6057
d 0.6244 0.5546 1.0149 -0.25 1 -0.7211 0.3363 0.6057
d 0.6504 1.0364 0.7585 0.0833 0.8 -0.7211 0.3363 0.6057
d 0.4871 0.94 0.6374 0.0833 1 -0.7211 0.3363 0.6057
d 0.6244 0.5546 1.0149 -0.25 1 -0.7211 0.3363 0.6057
d 0.6504 1.0364 0.7585 0.0833 0.8 0.2281 0.5215 -0.8222
d 1.0054 0.7759 0.6917 0.4167 0.8 0.2281 0.5215 -0.8222
d 0.4871 0.94 0.6374 0.0833 1 0.2281 0.5215 -0.8222
d 1.0054 0.7759 0.6917 0.4167 0.8 0.2281 0.5215 -0.8222
d 0.9308 0.6144 0.554 0.4167 1 0.2281 0.5215 -0.8222
d 0.4871 0.94 0.6374 0.0833 1 0.2281 0.5215 -0.8222
d 1.0054 0.7759 0.6917 0.4167 0.8 0.6536 -0.6725 0.3473
d 0.7603 0.7281 1.0604 0.75 0.8 0.6536 -0.6725 0.3473
d 0.9308 0.6144 0.554 0.4167 1 0.6536 -0.6725 0.3473
d 0.7603 0.7281 1.0604 0.75 0.8 0.6536 -0.6725 0.3473
d 0.6244 0.5546 1.0149 0.75 1 0.6536 -0.6725 0.3473
d 0.9308 0.6144 0.554 0.4167 1 0.6536 -0.6725 0.3473
d 0.8962 0.9016 1.106 -0.25 0.6 -0.7211 0.3363 0.6057
d 0.8138 1.1328 0.8795 0.0833 0.6 -0.7211 0.3363 0.6057
d 0.7603 0.7281 1.0604 -0.25 0.8 -0.7211 0.3363 0.6057
d 0.8138 1.1328 0.8795 0.0833 0.6 -0.7211 0.3363 0.6057
d 0.6504 1.0364 0.7585 0.0833 0.8 -0.7211 0.3363 0.6057
d 0.7603 0.7281 1.0604 -0.25 0.8 -0.7211 0.3363 0.6057
d 0.8138 1.1328 0.8795 0.0833 0.6 0.2281 0.5215 -0.8222
d 1.08 0.9374 0.8295 0.4167 0.6 0.2281 0.5215 -0.8222
d 0.6504 1.0364 0.7585 0.0833 0.8 0.2281 0.5215 -0.8222
d 1.08 0.9374 0.8295 0.4167 0.6 0.2281 0.5215 -0.8222
d 1.0054 0.7759 0.6917 0.4167 0.8 0.2281 0.5215 -0.8222
d 0.6504 1.0364 0.7585 0.0833 0.8 0.2281 0.5215 -0.8222
d 1.08 0.9374 0.8295 0.4167 0.6 0.6536 -0.6725 0.3473
d 0.8962 0.9016 1.106 0.75 0.6 0.6536 -0.6725 0.3473
d 1.0054 0.7759 0.6917 0.4167 0.8 0.6536 -0.6725 0.3473
d 0.8962 0.9016 1.106 0.75 0.6 0.6536 -0.6725 0.3473
d 0.7603 0.7281 1.0604 0.75 0.8 0.6536 -0.6725 0.3473
d 1.0054 0.7759 0.6917 0.4167 0.8 0.6536 -0.6725 0.3473
d 1.032 1.075 1.1516 -0.25 0.4 -0.7211 0.3363 0.6057
d 0.9771 1.2292 1.0006 0.0833 0.4 -0.7211 0.3363 0.6057
d 0.8962 0.9016 1.106 -0.25 0.6 -0.7211 0.3363 0.6057
d 0.9771 1.2292 1.0006 0.0833 0.4 -0.7211 0.3363 0.6057
d 0.8138 1.1328 0.8795 0.0833 0.6 -0.7211 0.3363 0.6057
d 0.8962 0.9016 1.106 -0.25 0.6 -0.7211 0.3363 0.6057
d 0.9771 1.2292 1.0006 0.0833 0.4 0.2281 0.5215 -0.8222
d 1.1546 1.0989 0.9672 0.4167 0.4 0.2281 0.5215 -0.8222
d 0.8138 1.1328 0.8795 0.0833 0.6 0.2281 0.5215 -0.8222
d 1.1546 1.0989 0.9672 0.4167 0.4 0.2281 0.5215 -0.8222
d 1.08 0.9374 0.8295 0.4167 0.6 0.2281 0.5215 -0.8222
d 0.8138 1.1328 0.8795 0.0833 0.6 0.2281 0.5215 -0.8222
d 1.1546 1.0989 0.9672 0.4167 0.4 0.6536 -0.6725 0.3473
d 1.032 1.075 1.1516 0.75 0.4 0.6536 -0.6725 0.3473
d 1.08 0.9374 0.8295 0.4167 0.6 0.6536 -0.6725 0.3473
d 1.032 1.075 1.1516 0.75 0.4 0.6536 -0.6725 0.3473
d 0.8962 0.9016 1.106 0.75 0.6 0.6536 -0.6725 0.3473
d 1.08 0.9374 0.8295 0.4167 0.6 0.6536 -0.6725 0.3473
d 1.1679 1.2485 1.1972 -0.25 0.2 -0.7211 0.3363 0.6057
d 1.1404 1.3256 1.1217 0.0833 0.2 -0.7211 0.3363 0.6057
d 1.032 1.075 1.1516 -0.25 0.4 -0.7211 0.3363 0.6057
d 1.1404 1.3256 1.1217 0.0833 0.2 -0.7211 0.3363 0.6057
d 0.9771 1.2292 1.0006 0.0833 0.4 -0.7211 0.3363 0.6057
d 1.032 1.075 1.1516 -0.25 0.4 -0.7211 0.3363 0.6057
d 1.1404 1.3256 1.1217 0.0833 0.2 0.2281 0.5215 -0.8222
d 1.2292 1.2604 1.105 0.4167 0.2 0.2281 0.5215 -0.8222
d 0.9771 1.2292 1.0006 0.0833 0.4 0.2281 0.5215 -0.8222
d 1.2292 1.2604 1.105 0.4167 0.2 0.2281 0.5215 -0.8222
d 1.1546 1.0989 0.9672 0.4167 0.4 0.2281 0.5215 -0.8222
d 0.9771 1.2292 1.0006 0.0833 0.4 0.2281 0.5215 -0.8222
d 1.2292 1.2604 1.105 0.4167 0.2 0.6536 -0.6725 0.3473
d 1.1679 1.2485 1.1972 0.75 0.2 0.6536 -0.6725 0.3473
d 1.1546 1.0989 0.9672 0.4167 0.4 0.6536 -0.6725 0.3473
d 1.1679 1.2485 1.1972 0.75 0.2 0.6536 -0.6725 0.3473
d 1.032 1.075 1.1516 0.75 0.4 0.6536 -0.6725 0.3473
d 1.1546 1.0989 0.9672 0.4167 0.4 0.6536 -0.6725 0.3473
d 1.3038 1.422 1.2427 0.5 0 0 0 0
d 1.3038 1.422 1.2427 0.5 0 0 0 0
d 1.1679 1.2485 1.1972 0.75 0.2 0 0 0
d 1.3038 1.422 1.2427 0.5 0 -0.7211 0.3363 0.6057
d 1.1404 1.3256 1.1217 0.0833 0.2 -0.7211 0.3363 0.6057
d 1.1679 1.2485 1.1972 -0.25 0.2 -0.7211 0.3363 0.6057
d 1.3038 1.422 1.2427 0.5 0 0 0 0
d 1.3038 1.422 1.2427 0.5 0 0 0 0
d 1.1404 1.3256 1.1217 0.0833 0.2 0 0 0
d 1.3038 1.422 1.2427 0.5 0 0.2281 0.5215 -0.8222
d 1.2292 1.2604 1.105 0.4167 0.2 0.2281 0.5215 -0.8222
d 1.1404 1.3256 1.1217 0.0833 0.2 0.2281 0.5215 -0.8222
d 1.3038 1.422 1.2427 0.5 0 0 0 0
d 1.3038 1.422 1.2427 0.5 0 0 0 0
d 1.2292 1.2604 1.105 0.4167 0.2 0 0 0
d 1.3038 1.422 1.2427 0.5 0 0.6536 -0.6725 0.3473
d 1.1679 1.2485 1.1972 0.75 0.2 0.6536 -0.6725 0.3473
d 1.2292 1.2604 1.105 0.4167 0.2 0.6536 -0.6725 0.3473
d 1.3038 1.422 1.2427 0.5 0 -0.1753 -0.4617 0.8695
d 1.3038 1.422 1.2427 0.5 0 -0.1753 -0.4617 0.8695
d 1.3038 1.422 1.2427 0.5 0 -0.1753 -0.4617 0.8695
d 1.3038 1.422 1.2427 0.5 0 -0.1753 -0.4617 0.8695
d 1.3038 1.422 1.2427 0.5 0 -0.1753 -0.4617 0.8695
d 1.3038 1.422 1.2427 0.5 0 -0.1753 -0.4617 0.8695
d 1.3038 1.422 1.2427 0.5 0 -0.1753 -0.4617 0.8695
d 1.3038 1.422 1.2427 0.5 0 -0.1753 -0.4617 0.8695
d 1.3038 1.422 1.2427 0.5 0 -0.1753 -0.4617 0.8695
c 0.4235 0.0314 0.5333
d -0.9836 0.5546 0.664 -0.25 1 0.5012 -0.6668 -0.5515
d -0.5992 0.94 0.5473 0.0833 1 0.5012 -0.6668 -0.5515
d -0.7076 0.703 0.7354 0.5 1 0.5012 -0.6668 -0.5515
d -0.5992 0.94 0.5473 0.0833 1 0.5012 -0.6668 -0.5515
d -0.54 0.6144 0.9949 0.4167 1 0.5012 -0.6668 -0.5515
d -0.7076 0.703 0.7354 0.5 1 0.5012 -0.6668 -0.5515
d -0.54 0.6144 0.9949 0.4167 1 0.5012 -0.6668 -0.5515
d -0.9836 0.5546 0.664 0.75 1 0.5012 -0.6668 -0.5515
d -0.7076 0.703 0.7354 0.5 1 0.5012 -0.6668 -0.5515
d -1.0365 0.7281 0.7972 -0.25 0.8 -0.5657 0.3363 -0.7529
d -0.729 1.0364 0.7039 0.0833 0.8 -0.5657 0.3363 -0.7529
d -0.9836 0.5546 0.664 -0.25 1 -0.5657 0.3363 -0.7529
d -0.729 1.0364 0.7039 0.0833 0.8 -0.5657 0.3363 -0.7529
d -0.5992 0.94 0.5473 0.0833 1 -0.5657 0.3363 -0.7529
d -0.9836 0.5546 0.664 -0.25 1 -0.5657 0.3363 -0.7529
d -0.729 1.0364 0.7039 0.0833 0.8 0.8086 0.5215 0.2724
d -0.6816 0.7759 1.0619 0.4167 0.8 0.8086 0.5215 0.2724
d -0.5992 0.94 0.5473 0.0833 1 0.8086 0.5215 0.2724
d -0.6816 0.7759 1.0619 0.4167 0.8 0.8086 0.5215 0.2724
d -0.54 0.6144 0.9949 0.4167 1 0.8086 0.5215 0.2724
d -0.5992 0.94 0.5473 0.0833 1 0.8086 0.5215 0.2724
d -0.6816 0.7759 1.0619 0.4167 0.8 -0.3822 -0.6725 0.6338
d -1.0365 0.7281 0.7972 0.75 0.8 -0.3822 -0.6725 0.6338
d -0.54 0.6144 0.9949 0.4167 1 -0.3822 -0.6725 0.6338
d -1.0365 0.7281 0.7972 0.75 0.8 -0.3822 -0.6725 0.6338
d -0.9836 0.5546 0.664 0.75 1 -0.3822 -0.6725 0.6338
d -0.54 0.6144 0.9949 0.4167 1 -0.3822 -0.6725 0.6338
d -1.0893 0.9016 0.9304 -0.25 0.6 -0.5657 0.3363 -0.7529
d -0.8587 1.1328 0.8604 0.0833 0.6 -0.5657 0.3363 -0.7529
d -1.0365 0.7281 0.7972 -0.25 0.8 -0.5657 0.3363 -0.7529
d -0.8587 1.1328 0.8604 0.0833 0.6 -0.5657 0.3363 -0.7529
d -0.729 1.0364 0.7039 0.0833 0.8 -0.5657 0.3363 -0.7529
d -1.0365 0.7281 0.7972 -0.25 0.8 -0.5657 0.3363 -0.7529
d -0.8587 1.1328 0.8604 0.0833 0.6 0.8086 0.5215 0.2724
d -0.8232 0.9374 1.1289 0.4167 0.6 0.8086 0.5215 0.2724
d -0.729 1.0364 0.7039 0.0833 0.8 0.8086 0.5215 0.2724
d -0.8232 0.9374 1.1289 0.4167 0.6 0.8086 0.5215 0.2724
d -0.6816 0.7759 1.0619 0.4167 0.8 0.8086 0.5215 0.2724
d -0.729 1.0364 0.7039 0.0833 0.8 0.8086 0.5215 0.2724
d -0.8232 0.9374 1.1289 0.4167 0.6 -0.3822 -0.6725 0.6338
d -1.0893 0.9016 0.9304 0.75 0.6 -0.3822 -0.6725 0.6338
d -0.6816 0.7759 1.0619 0.4167 0.8 -0.3822 -0.6725 0.6338
d -1.0893 0.9016 0.9304 0.75 0.6 -0.3822 -0.6725 0.6338
d -1.0365 0.7281 0.7972 0.75 0.8 -0.3822 -0.6725 0.6338
d -0.6816 0.7759 1.0619 0.4167 0.8 -0.3822 -0.6725 0.6338
d -1.1422 1.075 1.0636 -0.25 0.4 -0.5657 0.3363 -0.7529
d -0.9885 1.2292 1.0169 0.0833 0.4 -0.5657 0.3363 -0.7529
d -1.0893 0.9016 0.9304 -0.25 0.6 -0.5657 0.3363 -0.7529
d -0.9885 1.2292 1.0169 0.0833 0.4 -0.5657 0.3363 -0.7529
d -0.8587 1.1328 0.8604 0.0833 0.6 -0.5657 0.3363 -0.7529
d -1.0893 0.9016 0.9304 -0.25 0.6 -0.5657 0.3363 -0.7529
d -0.9885 1.2292 1.0169 0.0833 0.4 0.8086 0.5215 0.2724
d -0.9648 1.0989 1.1959 0.4167 0.4 0.8086 0.5215 0.2724
d -0.8587 1.1328 0.8604 0.0833 0.6 0.8086 0.5215 0.2724
d -0.9648 1.0989 1.1959 0.4167 0.4 0.8086 0.5215 0.2724
d -0.8232 0.9374 1.1289 0.4167 0.6 0.8086 0.5215 0.2724
d -0.8587 1.1328 0.8604 0.0833 0.6 0.8086 0.5215 0.2724
d -0.9648 1.0989 1.1959 0.4167 0.4 -0.3822 -0.6725 0.6338
d -1.1422 1.075 1.0636 0.75 0.4 -0.3822 -0.6725 0.6338
d -0.8232 0.9374 1.1289 0.4167 0.6 -0.3822 -0.6725 0.6338
d -1.1422 1.075 1.0636 0.75 0.4 -0.3822 -0.6725 0.6338
d -1.0893 0.9016 0.9304 0.75 0.6 -0.3822 -0.6725 0.6338
d -0.8232 0.9374 1.1289 0.4167 0.6 -0.3822 -0.6725 0.6338
d -1.1951 1.2485 1.1968 -0.25 0.2 -0.5657 0.3363 -0.7529
d -1.1182 1.3256 1.1735 0.0833 0.2 -0.5657 0.3363 -0.7529
d -1.1422 1.075 1.0636 -0.25 0.4 -0.5657 0.3363 -0.7529
d -1.1182 1.3256 1.1735 0.0833 0.2 -0.5657 0.3363 -0.7529
d -0.9885 1.2292 1.0169 0.0833 0.4 -0.5657 0.3363 -0.7529
d -1.1422 1.075 1.0636 -0.25 0.4 -0.5657 0.3363 -0.7529
d -1.1182 1.3256 1.1735 0.0833 0.2 0.8086 0.5215 0.2724
d -1.1064 1.2604 1.263 0.4167 0.2 0.8086 0.5215 0.2724
d -0.9885 1.2292 1.0169 0.0833 0.4 0.8086 0.5215 0.2724
d -1.1064 1.2604 1.263 0.4167 0.2 0.8086 0.5215 0.2724
d -0.9648 1.0989 1.1959 0.4167 0.4 0.8086 0.5215 0.2724
d -0.9885 1.2292 1.0169 0.0833 0.4 0.8086 0.5215 0.2724
d -1.1064 1.2604 1.263 0.4167 0.2 -0.3822 -0.6725 0.6338
d -1.1951 1.2485 1.1968 0.75 0.2 -0.3822 -0.6725 0.6338
d -0.9648 1.0989 1.1959 0.4167 0.4 -0.3822 -0.6725 0.6338
d -1.1951 1.2485 1.1968 0.75 0.2 -0.3822 -0.6725 0.6338
d -1.1422 1.075 1.0636 0.75 0.4 -0.3822 -0.6725 0.6338
d -0.9648 1.0989 1.1959 0.4167 0.4 -0.3822 -0.6725 0.6338
d -1.248 1.422 1.33 0.5 0 0 0 0
d -1.248 1.422 1.33 0.5 0 0 0 0
d -1.1951 1.2485 1.1968 0.75 0.2 0 0 0
d -1.248 1.422 1.33 0.5 0 -0.5657 0.3363 -0.7529
d -1.1182 1.3256 1.1735 0.0833 0.2 -0.5657 0.3363 -0.7529
d -1.1951 1.2485 1.1968 -0.25 0.2 -0.5657 0.3363 -0.7529
d -1.248 1.422 1.33 0.5 0 0 0 0
d -1.248 1.422 1.33 0.5 0 0 0 0
d -1.1182 1.3256 1.1735 0.0833 0.2 0 0 0
d -1.248 1.422 1.33 0.5 0 0.8086 0.5215 0.2724
d -1.1064 1.2604 1.263 0.4167 0.2 0.8086 0.5215 0.2724
d -1.1182 1.3256 1.1735 0.0833 0.2 0.8086 0.5215 0.2724
d -1.248 1.422 1.33 0.5 0 0 0 0
d -1.248 1.422 1.33 0.5 0 0 0 0
d -1.1064 1.2604 1.263 0.4167 0.2 0 0 0
d -1.248 1.422 1.33 0.5 0 -0.3822 -0.6725 0.6338
d -1.1951 1.2485 1.1968 0.75 0.2 -0.3822 -0.6725 0.6338
d -1.1064 1.2604 1.263 0.4167 0.2 -0.3822 -0.6725 0.6338
d -1.248 1.422 1.33 0.5 0 -0.8588 -0.4617 -0.2222
d -1.248 1.422 1.33 0.5 0 -0.8588 -0.4617 -0.2222
d -1.248 1.422 1.33 0.5 0 -0.8588 -0.4617 -0.2222
d -1.248 1.422 1.33 0.5 0 -0.8588 -0.4617 -0.2222
d -1.248 1.422 1.33 0.5 0 -0.8588 -0.4617 -0.2222
d -1.248 1.422 1.33 0.5 0 -0.8588 -0.4617 -0.2222
d -1.248 1.422 1.33 0.5 0 -0.8588 -0.4617 -0.2222
d -1.248 1.422 1.33 0.5 0 -0.8588 -0.4617 -0.2222
d -1.248 1.422 1.33 0.5 0 -0.8588 -0.4617 -0.2222
c 0.4235 0.0314 0.5333
d 0.7205 -0.9907 0.5836 -0.25 1 -0.5778 0.4786 -0.6611
d 0.5832 -0.6179 0.9736 0.0833 1 -0.5778 0.4786 -0.6611
d 0.7769 -0.7131 0.7354 0.5 1 -0.5778 0.4786 -0.6611
d 0.5832 -0.6179 0.9736 0.0833 1 -0.5778 0.4786 -0.6611
d 1.0269 -0.5306 0.649 0.4167 1 -0.5778 0.4786 -0.6611
d 0.7769 -0.7131 0.7354 0.5 1 -0.5778 0.4786 -0.6611
d 1.0269 -0.5306 0.649 0.4167 1 -0.5778 0.4786 -0.6611
d 0.7205 -0.9907 0.5836 0.75 1 -0.5778 0.4786 -0.6611
d 0.7769 -0.7131 0.7354 0.5 1 -0.5778 0.4786 -0.6611
d 0.8564 -1.0384 0.7566 -0.25 0.8 -0.7211 -0.6098 0.329
d 0.7466 -0.7402 1.0685 0.0833 0.8 -0.7211 -0.6098 0.329
d 0.7205 -0.9907 0.5836 -0.25 1 -0.7211 -0.6098 0.329
d 0.7466 -0.7402 1.0685 0.0833 0.8 -0.7211 -0.6098 0.329
d 0.5832 -0.6179 0.9736 0.0833 1 -0.7211 -0.6098 0.329
d 0.7205 -0.9907 0.5836 -0.25 1 -0.7211 -0.6098 0.329
d 0.7466 -0.7402 1.0685 0.0833 0.8 0.2281 0.8158 0.5314
d 1.1015 -0.6703 0.8088 0.4167 0.8 0.2281 0.8158 0.5314
d 0.5832 -0.6179 0.9736 0.0833 1 0.2281 0.8158 0.5314
d 1.1015 -0.6703 0.8088 0.4167 0.8 0.2281 0.8158 0.5314
d 1.0269 -0.5306 0.649 0.4167 1 0.2281 0.8158 0.5314
d 0.5832 -0.6179 0.9736 0.0833 1 0.2281 0.8158 0.5314
d 1.1015 -0.6703 0.8088 0.4167 0.8 0.6536 -0.3391 -0.6766
d 0.8564 -1.0384 0.7566 0.75 0.8 0.6536 -0.3391 -0.6766
d 1.0269 -0.5306 0.649 0.4167 1 0.6536 -0.3391 -0.6766
d 0.8564 -1.0384 0.7566 0.75 0.8 0.6536 -0.3391 -0.6766
d 0.7205 -0.9907 0.5836 0.75 1 0.6536 -0.3391 -0.6766
d 1.0269 -0.5306 0.649 0.4167 1 0.6536 -0.3391 -0.6766
d 0.9923 -1.0861 0.9295 -0.25 0.6 -0.7211 -0.6098 0.329
d 0.9099 -0.8624 1.1634 0.0833 0.6 -0.7211 -0.6098 0.329
d 0.8564 -1.0384 0.7566 -0.25 0.8 -0.7211 -0.6098 0.329
d 0.9099 -0.8624 1.1634 0.0833 0.6 -0.7211 -0.6098 0.329
d 0.7466 -0.7402 1.0685 0.0833 0.8 -0.7211 -0.6098 0.329
d 0.8564 -1.0384 0.7566 -0.25 0.8 -0.7211 -0.6098 0.329
d 0.9099 -0.8624 1.1634 0.0833 0.6 0.2281 0.8158 0.5314
d 1.1761 -0.81 0.9687 0.4167 0.6 0.2281 0.8158 0.5314
d 0.7466 -0.7402 1.0685 0.0833 0.8 0.2281 0.8158 0.5314
d 1.1761 -0.81 0.9687 0.4167 0.6 0.2281 0.8158 0.5314
d 1.1015 -0.6703 0.8088 0.4167 0.8 0.2281 0.8158 0.5314
d 0.7466 -0.7402 1.0685 0.0833 0.8 0.2281 0.8158 0.5314
d 1.1761 -0.81 0.9687 0.4167 0.6 0.6536 -0.3391 -0.6766
d 0.9923 -1.0861 0.9295 0.75 0.6 0.6536 -0.3391 -0.6766
d 1.1015 -0.6703 0.8088 0.4167 0.8 0.6536 -0.3391 -0.6766
d 0.9923 -1.0861 0.9295 0.75 0.6 0.6536 -0.3391 -0.6766
d 0.8564 -1.0384 0.7566 0.75 0.8 0.6536 -0.3391 -0.6766
d 1.1015 -0.6703 0.8088 0.4167 0.8 0.6536 -0.3391 -0.6766
d 1.1282 -1.1337 1.1024 -0.25 0.4 -0.7211 -0.6098 0.329
d 1.0732 -0.9846 1.2583 0.0833 0.4 -0.7211 -0.6098 0.329
d 0.9923 -1.0861 0.9295 -0.25 0.6 -0.7211 -0.6098 0.329
d 1.0732 -0.9846 1.2583 0.0833 0.4 -0.7211 -0.6098 0.329
d 0.9099 -0.8624 1.1634 0.0833 0.6 -0.7211 -0.6098 0.329
d 0.9923 -1.0861 0.9295 -0.25 0.6 -0.7211 -0.6098 0.329
d 1.0732 -0.9846 1.2583 0.0833 0.4 0.2281 0.8158 0.5314
d 1.2507 -0.9497 1.1285 0.4167 0.4 0.2281 0.8158 0.5314
d 0.9099 -0.8624 1.1634 0.0833 0.6 0.2281 0.8158 0.5314
d 1.2507 -0.9497 1.1285 0.4167 0.4 0.2281 0.8158 0.5314
d 1.1761 -0.81 0.9687 0.4167 0.6 0.2281 0.8158 0.5314
d 0.9099 -0.8624 1.1634 0.0833 0.6 0.2281 0.8158 0.5314
d 1.2507 -0.9497 1.1285 0.4167 0.4 0.6536 -0.3391 -0.6766
d 1.1282 -1.1337 1.1024 0.75 0.4 0.6536 -0.3391 -0.6766
d 1.1761 -0.81 0.9687 0.4167 0.6 0.6536 -0.3391 -0.6766
d 1.1282 -1.1337 1.1024 0.75 0.4 0.6536 -0.3391 -0.6766
d 0.9923 -1.0861 0.9295 0.75 0.6 0.6536 -0.3391 -0.6766
d 1.1761 -0.81 0.9687 0.4167 0.6 0.6536 -0.3391 -0.6766
d 1.264 -1.1814 1.2753 -0.25 0.2 -0.7211 -0.6098 0.329
d 1.2366 -1.1069 1.3533 0.0833 0.2 -0.7211 -0.6098 0.329
d 1.1282 -1.1337 1.1024 -0.25 0.4 -0.7211 -0.6098 0.329
d 1.2366 -1.1069 1.3533 0.0833 0.2 -0.7211 -0.6098 0.329
d 1.0732 -0.9846 1.2583 0.0833 0.4 -0.7211 -0.6098 0.329
d 1.1282 -1.1337 1.1024 -0.25 0.4 -0.7211 -0.6098 0.329
d 1.2366 -1.1069 1.3533 0.0833 0.2 0.2281 0.8158 0.5314
d 1.3253 -1.0894 1.2883 0.4167 0.2 0.2281 0.8158 0.5314
d 1.0732 -0.9846 1.2583 0.0833 0.4 0.2281 0.8158 0.5314
d 1.3253 -1.0894 1.2883 0.4167 0.2 0.2281 0.8158 0.5314
d 1.2507 -0.9497 1.1285 0.4167 0.4 0.2281 0.8158 0.5314
d 1.0732 -0.9846 1.2583 0.0833 0.4 0.2281 0.8158 0.5314
d 1.3253 -1.0894 1.2883 0.4167 0.2 0.6536 -0.3391 -0.6766
d 1.264 -1.1814 1.2753 0.75 0.2 0.6536 -0.3391 -0.6766
d 1.2507 -0.9497 1.1285 0.4167 0.4 0.6536 -0.3391 -0.6766
d 1.264 -1.1814 1.2753 0.75 0.2 0.6536 -0.3391 -0.6766
d 1.1282 -1.1337 1.1024 0.75 0.4 0.6536 -0.3391 -0.6766
d 1.2507 -0.9497 1.1285 0.4167 0.4 0.6536 -0.3391 -0.6766
d 1.3999 -1.2291 1.4482 0.5 0 0 0 0
d 1.3999 -1.2291 1.4482 0.5 0 0 0 0
d 1.264 -1.1814 1.2753 0.75 0.2 0 0 0
d 1.3999 -1.2291 1.4482 0.5 0 -0.7211 -0.6098 0.329
d 1.2366 -1.1069 1.3533 0.0833 0.2 -0.7211 -0.6098 0.329
d 1.264 -1.1814 1.2753 -0.25 0.2 -0.7211 -0.6098 0.329
d 1.3999 -1.2291 1.4482 0.5 0 0 0 0
d 1.3999 -1.2291 1.4482 0.5 0 0 0 0
d 1.2366 -1.1069 1.3533 0.0833 0.2 0 0 0
d 1.3999 -1.2291 1.4482 0.5 0 0.2281 0.8158 0.5314
d 1.3253 -1.0894 1.2883 0.4167 0.2 0.2281 0.8158 0.5314
d 1.2366 -1.1069 1.3533 0.0833 0.2 0.2281 0.8158 0.5314
d 1.3999 -1.2291 1.4482 0.5 0 0 0 0
d 1.3999 -1.2291 1.4482 0.5 0 0 0 0
d 1.3253 -1.0894 1.2883 0.4167 0.2 0 0 0
d 1.3999 -1.2291 1.4482 0.5 0 0.6536 -0.3391 -0.6766
d 1.264 -1.1814 1.2753 0.75 0.2 0.6536 -0.3391 -0.6766
d 1.3253 -1.0894 1.2883 0.4167 0.2 0.6536 -0.3391 -0.6766
d 1.3999 -1.2291 1.4482 0.5 0 -0.1753 -0.8639 -0.4722
d 1.3999 -1.2291 1.4482 0.5 0 -0.1753 -0.8639 -0.4722
d 1.3999 -1.2291 1.4482 0.5 0 -0.1753 -0.8639 -0.4722
d 1.3999 -1.2291 1.4482 0.5 0 -0.1753 -0.8639 -0.4722
d 1.3999 -1.2291 1.4482 0.5 0 -0.1753 -0.8639 -0.4722
d 1.3999 -1.2291 1.4482 0.5 0 -0.1753 -0.8639 -0.4722
d 1.3999 -1.2291 1.4482 0.5 0 -0.1753 -0.8639 -0.4722
d 1.3999 -1.2291 1.4482 0.5 0 -0.1753 -0.8639 -0.4722
d 1.3999 -1.2291 1.4482 0.5 0 -0.1753 -0.8639 -0.4722
c 0.4235 0.0314 0.5333
d -0.6253 -1.0199 0.6678 -0.25 1 0.616 0.4786 -0.6257
d -1.0245 -0.6471 0.5601 0.0833 1 0.616 0.4786 -0.6257
d -0.7724 -0.7422 0.7354 0.5 1 0.616 0.4786 -0.6257
d -1.0245 -0.6471 0.5601 0.0833 1 0.616 0.4786 -0.6257
d -0.6675 -0.5597 0.9782 0.4167 1 0.616 0.4786 -0.6257
d -0.7724 -0.7422 0.7354 0.5 1 0.616 0.4786 -0.6257
d -0.6675 -0.5597 0.9782 0.4167 1 0.616 0.4786 -0.6257
d -0.6253 -1.0199 0.6678 0.75 1 0.616 0.4786 -0.6257
d -0.7724 -0.7422 0.7354 0.5 1 0.616 0.4786 -0.6257
d -0.7876 -1.0676 0.8163 -0.25 0.8 -0.3821 -0.6098 -0.6944
d -1.1069 -0.7693 0.7301 0.0833 0.8 -0.3821 -0.6098 -0.6944
d -0.6253 -1.0199 0.6678 -0.25 1 -0.3821 -0.6098 -0.6944
d -1.1069 -0.7693 0.7301 0.0833 0.8 -0.3821 -0.6098 -0.6944
d -1.0245 -0.6471 0.5601 0.0833 1 -0.3821 -0.6098 -0.6944
d -0.6253 -1.0199 0.6678 -0.25 1 -0.3821 -0.6098 -0.6944
d -1.1069 -0.7693 0.7301 0.0833 0.8 -0.5128 0.8158 0.2673
d -0.8213 -0.6994 1.0646 0.4167 0.8 -0.5128 0.8158 0.2673
d -1.0245 -0.6471 0.5601 0.0833 1 -0.5128 0.8158 0.2673
d -0.8213 -0.6994 1.0646 0.4167 0.8 -0.5128 0.8158 0.2673
d -0.6675 -0.5597 0.9782 0.4167 1 -0.5128 0.8158 0.2673
d -1.0245 -0.6471 0.5601 0.0833 1 -0.5128 0.8158 0.2673
d -0.8213 -0.6994 1.0646 0.4167 0.8 0.7237 -0.3391 0.6011
d -0.7876 -1.0676 0.8163 0.75 0.8 0.7237 -0.3391 0.6011
d -0.6675 -0.5597 0.9782 0.4167 1 0.7237 -0.3391 0.6011
d -0.7876 -1.0676 0.8163 0.75 0.8 0.7237 -0.3391 0.6011
d -0.6253 -1.0199 0.6678 0.75 1 0.7237 -0.3391 0.6011
d -0.6675 -0.5597 0.9782 0.4167 1 0.7237 -0.3391 0.6011
d -0.9498 -1.1152 0.9647 -0.25 0.6 -0.3821 -0.6098 -0.6944
d -1.1893 -0.8916 0.9001 0.0833 0.6 -0.3821 -0.6098 -0.6944
d -0.7876 -1.0676 0.8163 -0.25 0.8 -0.3821 -0.6098 -0.6944
d -1.1893 -0.8916 0.9001 0.0833 0.6 -0.3821 -0.6098 -0.6944
d -1.1069 -0.7693 0.7301 0.0833 0.8 -0.3821 -0.6098 -0.6944
d -0.7876 -1.0676 0.8163 -0.25 0.8 -0.3821 -0.6098 -0.6944
d -1.1893 -0.8916 0.9001 0.0833 0.6 -0.5128 0.8158 0.2673
d -0.9751 -0.8391 1.151 0.4167 0.6 -0.5128 0.8158 0.2673
d -1.1069 -0.7693 0.7301 0.0833 0.8 -0.5128 0.8158 0.2673
d -0.9751 -0.8391 1.151 0.4167 0.6 -0.5128 0.8158 0.2673
d -0.8213 -0.6994 1.0646 0.4167 0.8 -0.5128 0.8158 0.2673
d -1.1069 -0.7693 0.7301 0.0833 0.8 -0.5128 0.8158 0.2673
d -0.9751 -0.8391 1.151 0.4167 0.6 0.7237 -0.3391 0.6011
d -0.9498 -1.1152 0.9647 0.75 0.6 0.7237 -0.3391 0.6011
d -0.8213 -0.6994 1.0646 0.4167 0.8 0.7237 -0.3391 0.6011
d -0.9498 -1.1152 0.9647 0.75 0.6 0.7237 -0.3391 0.6011
d -0.7876 -1.0676 0.8163 0.75 0.8 0.7237 -0.3391 0.6011
d -0.8213 -0.6994 1.0646 0.4167 0.8 0.7237 -0.3391 0.6011
d -1.1121 -1.1629 1.1132 -0.25 0.4 -0.3821 -0.6098 -0.6944
d -1.2717 -1.0138 1.0701 0.0833 0.4 -0.3821 -0.6098 -0.6944
d -0.9498 -1.1152 0.9647 -0.25 0.6 -0.3821 -0.6098 -0.6944
d -1.2717 -1.0138 1.0701 0.0833 0.4 -0.3821 -0.6098 -0.6944
d -1.1893 -0.8916 0.9001 0.0833 0.6 -0.3821 -0.6098 -0.6944
d -0.9498 -1.1152 0.9647 -0.25 0.6 -0.3821 -0.6098 -0.6944
d -1.2717 -1.0138 1.0701 0.0833 0.4 -0.5128 0.8158 0.2673
d -1.129 -0.9788 1.2373 0.4167 0.4 -0.5128 0.8158 0.2673
d -1.1893 -0.8916 0.9001 0.0833 0.6 -0.5128 0.8158 0.2673
d -1.129 -0.9788 1.2373 0.4167 0.4 -0.5128 0.8158 0.2673
d -0.9751 -0.8391 1.151 0.4167 0.6 -0.5128 0.8158 0.2673
d -1.1893 -0.8916 0.9001 0.0833 0.6 -0.5128 0.8158 0.2673
d -1.129 -0.9788 1.2373 0.4167 0.4 0.7237 -0.3391 0.6011
d -1.1121 -1.1629 1.1132 0.75 0.4 0.7237 -0.3391 0.6011
d -0.9751 -0.8391 1.151 0.4167 0.6 0.7237 -0.3391 0.6011
d -1.1121 -1.1629 1.1132 0.75 0.4 0.7237 -0.3391 0.6011
d -0.9498 -1.1152 0.9647 0.75 0.6 0.7237 -0.3391 0.6011
d -0.9751 -0.8391 1.151 0.4167 0.6 0.7237 -0.3391 0.6011
d -1.2743 -1.2106 1.2616 -0.25 0.2 -0.3821 -0.6098 -0.6944
d -1.3541 -1.136 1.2401 0.0833 0.2 -0.3821 -0.6098 -0.6944
d -1.1121 -1.1629 1.1132 -0.25 0.4 -0.3821 -0.6098 -0.6944
d -1.3541 -1.136 1.2401 0.0833 0.2 -0.3821 -0.6098 -0.6944
d -1.2717 -1.0138 1.0701 0.0833 0.4 -0.3821 -0.6098 -0.6944
d -1.1121 -1.1629 1.1132 -0.25 0.4 -0.3821 -0.6098 -0.6944
d -1.3541 -1.136 1.2401 0.0833 0.2 -0.5128 0.8158 0.2673
d -1.2828 -1.1185 1.3237 0.4167 0.2 -0.5128 0.8158 0.2673
d -1.2717 -1.0138 1.0701 0.0833 0.4 -0.5128 0.8158 0.2673
d -1.2828 -1.1185 1.3237 0.4167 0.2 -0.5128 0.8158 0.2673
d -1.129 -0.9788 1.2373 0.4167 0.4 -0.5128 0.8158 0.2673
d -1.2717 -1.0138 1.0701 0.0833 0.4 -0.5128 0.8158 0.2673
d -1.2828 -1.1185 1.3237 0.4167 0.2 0.7237 -0.3391 0.6011
d -1.2743 -1.2106 1.2616 0.75 0.2 0.7237 -0.3391 0.6011
d -1.129 -0.9788 1.2373 0.4167 0.4 0.7237 -0.3391 0.6011
d -1.2743 -1.2106 1.2616 0.75 0.2 0.7237 -0.3391 0.6011
d -1.1121 -1.1629 1.1132 0.75 0.4 0.7237 -0.3391 0.6011
d -1.129 -0.9788 1.2373 0.4167 0.4 0.7237 -0.3391 0.6011
d -1.4366 -1.2582 1.4101 0.5 0 0 0 0
d -1.4366 -1.2582 1.4101 0.5 0 0 0 0
d -1.2743 -1.2106 1.2616 0.75 0.2 0 0 0
d -1.4366 -1.2582 1.4101 0.5 0 -0.3821 -0.6098 -0.6944
d -1.3541 -1.136 1.2401 0.0833 0.2 -0.3821 -0.6098 -0.6944
d -1.2743 -1.2106 1.2616 -0.25 0.2 -0.3821 -0.6098 -0.6944
d -1.4366 -1.2582 1.4101 0.5 0 0 0 0
d -1.4366 -1.2582 1.4101 0.5 0 0 0 0
d -1.3541 -1.136 1.2401 0.0833 0.2 0 0 0
d -1.4366 -1.2582 1.4101 0.5 0 -0.5128 0.8158 0.2673
d -1.2828 -1.1185 1.3237 0.4167 0.2 -0.5128 0.8158 0.2673
d -1.3541 -1.136 1.2401 0.0833 0.2 -0.5128 0.8158 0.2673
d -1.4366 -1.2582 1.4101 0.5 0 0 0 0
d -1.4366 -1.2582 1.4101 0.5 0 0 0 0
d -1.2828 -1.1185 1.3237 0.4167 0.2 0 0 0
d -1.4366 -1.2582 1.4101 0.5 0 0.7237 -0.3391 0.6011
d -1.2743 -1.2106 1.2616 0.75 0.2 0.7237 -0.3391 0.6011
d -1.2828 -1.1185 1.3237 0.4167 0.2 0.7237 -0.3391 0.6011
d -1.4366 -1.2582 1.4101 0.5 0 0.4577 -0.8639 -0.2102
d -1.4366 -1.2582 1.4101 0.5 0 0.4577 -0.8639 -0.2102
d -1.4366 -1.2582 1.4101 0.5 0 0.4577 -0.8639 -0.2102
d -1.4366 -1.2582 1.4101 0.5 0 0.4577 -0.8639 -0.2102
d -1.4366 -1.2582 1.4101 0.5 0 0.4577 -0.8639 -0.2102
d -1.4366 -1.2582 1.4101 0.5 0 0.4577 -0.8639 -0.2102
d -1.4366 -1.2582 1.4101 0.5 0 0.4577 -0.8639 -0.2102
d -1.4366 -1.2582 1.4101 0.5 0 0.4577 -0.8639 -0.2102
d -1.4366 -1.2582 1.4101 0.5 0 0.4577 -0.8639 -0.2102
c 0.4235 0.0314 0.5333
d -0.6887 -0.9907 -0.6143 -0.25 1 0.6912 0.4786 0.5415
d -0.6267 -0.6179 -1.0231 0.0833 1 0.6912 0.4786 0.5415
d -0.7724 -0.7131 -0.7529 0.5 1 0.6912 0.4786 0.5415
d -0.6267 -0.6179 -1.0231 0.0833 1 0.6912 0.4786 0.5415
d -1.0019 -0.5306 -0.6213 0.4167 1 0.6912 0.4786 0.5415
d -0.7724 -0.7131 -0.7529 0.5 1 0.6912 0.4786 0.5415
d -1.0019 -0.5306 -0.6213 0.4167 1 0.6912 0.4786 0.5415
d -0.6887 -0.9907 -0.6143 0.75 1 0.6912 0.4786 0.5415
d -0.7724 -0.7131 -0.7529 0.5 1 0.6912 0.4786 0.5415
d -0.8545 -1.0384 -0.7588 -0.25 0.8 0.6469 -0.6098 -0.4579
d -0.8049 -0.7402 -1.0858 0.0833 0.8 0.6469 -0.6098 -0.4579
d -0.6887 -0.9907 -0.6143 -0.25 1 0.6469 -0.6098 -0.4579
d -0.8049 -0.7402 -1.0858 0.0833 0.8 0.6469 -0.6098 -0.4579
d -0.6267 -0.6179 -1.0231 0.0833 1 0.6469 -0.6098 -0.4579
d -0.6887 -0.9907 -0.6143 -0.25 1 0.6469 -0.6098 -0.4579
d -0.8049 -0.7402 -1.0858 0.0833 0.8 -0.3234 0.8158 -0.4794
d -1.1051 -0.6703 -0.7644 0.4167 0.8 -0.3234 0.8158 -0.4794
d -0.6267 -0.6179 -1.0231 0.0833 1 -0.3234 0.8158 -0.4794
d -1.1051 -0.6703 -0.7644 0.4167 0.8 -0.3234 0.8158 -0.4794
d -1.0019 -0.5306 -0.6213 0.4167 1 -0.3234 0.8158 -0.4794
d -0.6267 -0.6179 -1.0231 0.0833 1 -0.3234 0.8158 -0.4794
d -1.1051 -0.6703 -0.7644 0.4167 0.8 -0.5157 -0.3391 0.7868
d -0.8545 -1.0384 -0.7588 0.75 0.8 -0.5157 -0.3391 0.7868
d -1.0019 -0.5306 -0.6213 0.4167 1 -0.5157 -0.3391 0.7868
d -0.8545 -1.0384 -0.7588 0.75 0.8 -0.5157 -0.3391 0.7868
d -0.6887 -0.9907 -0.6143 0.75 1 -0.5157 -0.3391 0.7868
d -1.0019 -0.5306 -0.6213 0.4167 1 -0.5157 -0.3391 0.7868
d -1.0203 -1.0861 -0.9033 -0.25 0.6 0.6469 -0.6098 -0.4579
d -0.9831 -0.8624 -1.1485 0.0833 0.6 0.6469 -0.6098 -0.4579
d -0.8545 -1.0384 -0.7588 -0.25 0.8 0.6469 -0.6098 -0.4579
d -0.9831 -0.8624 -1.1485 0.0833 0.6 0.6469 -0.6098 -0.4579
d -0.8049 -0.7402 -1.0858 0.0833 0.8 0.6469 -0.6098 -0.4579
d -0.8545 -1.0384 -0.7588 -0.25 0.8 0.6469 -0.6098 -0.4579
d -0.9831 -0.8624 -1.1485 0.0833 0.6 -0.3234 0.8158 -0.4794
d -1.2082 -0.81 -0.9075 0.4167 0.6 -0.3234 0.8158 -0.4794
d -0.8049 -0.7402 -1.0858 0.0833 0.8 -0.3234 0.8158 -0.4794
d -1.2082 -0.81 -0.9075 0.4167 0.6 -0.3234 0.8158 -0.4794
d -1.1051 -0.6703 -0.7644 0.4167 0.8 -0.3234 0.8158 -0.4794
d -0.8049 -0.7402 -1.0858 0.0833 0.8 -0.3234 0.8158 -0.4794
d -1.2082 -0.81 -0.9075 0.4167 0.6 -0.5157 -0.3391 0.7868
d -1.0203 -1.0861 -0.9033 0.75 0.6 -0.5157 -0.3391 0.7868
d -1.1051 -0.6703 -0.7644 0.4167 0.8 -0.5157 -0.3391 0.7868
d -1.0203 -1.0861 -0.9033 0.75 0.6 -0.5157 -0.3391 0.7868
d -0.8545 -1.0384 -0.7588 0.75 0.8 -0.5157 -0.3391 0.7868
d -1.1051 -0.6703 -0.7644 0.4167 0.8 -0.5157 -0.3391 0.7868
d -1.1861 -1.1337 -1.0478 -0.25 0.4 0.6469 -0.6098 -0.4579
d -1.1613 -0.9846 -1.2113 0.0833 0.4 0.6469 -0.6098 -0.4579
d -1.0203 -1.0861 -0.9033 -0.25 0.6 0.6469 -0.6098 -0.4579
d -1.1613 -0.9846 -1.2113 0.0833 0.4 0.6469 -0.6098 -0.4579
d -0.9831 -0.8624 -1.1485 0.0833 0.6 0.6469 -0.6098 -0.4579
d -1.0203 -1.0861 -0.9033 -0.25 0.6 0.6469 -0.6098 -0.4579
d -1.1613 -0.9846 -1.2113 0.0833 0.4 -0.3234 0.8158 -0.4794
d -1.3114 -0.9497 -1.0505 0.4167 0.4 -0.3234 0.8158 -0.4794
d -0.9831 -0.8624 -1.1485 0.0833 0.6 -0.3234 0.8158 -0.4794
d -1.3114 -0.9497 -1.0505 0.4167 0.4 -0.3234 0.8158 -0.4794
d -1.2082 -0.81 -0.9075 0.4167 0.6 -0.3234 0.8158 -0.4794
d -0.9831 -0.8624 -1.1485 0.0833 0.6 -0.3234 0.8158 -0.4794
d -1.3114 -0.9497 -1.0505 0.4167 0.4 -0.5157 -0.3391 0.7868
d -1.1861 -1.1337 -1.0478 0.75 0.4 -0.5157 -0.3391 0.7868
d -1.2082 -0.81 -0.9075 0.4167 0.6 -0.5157 -0.3391 0.7868
d -1.1861 -1.1337 -1.0478 0.75 0.4 -0.5157 -0.3391 0.7868
d -1.0203 -1.0861 -0.9033 0.75 0.6 -0.5157 -0.3391 0.7868
d -1.2082 -0.81 -0.9075 0.4167 0.6 -0.5157 -0.3391 0.7868
d -1.3519 -1.1814 -1.1922 -0.25 0.2 0.6469 -0.6098 -0.4579
d -1.3395 -1.1069 -1.274 0.0833 0.2 0.6469 -0.6098 -0.4579
d -1.1861 -1.1337 -1.0478 -0.25 0.4 0.6469 -0.6098 -0.4579
d -1.3395 -1.1069 -1.274 0.0833 0.2 0.6469 -0.6098 -0.4579
d -1.1613 -0.9846 -1.2113 0.0833 0.4 0.6469 -0.6098 -0.4579
d -1.1861 -1.1337 -1.0478 -0.25 0.4 0.6469 -0.6098 -0.4579
d -1.3395 -1.1069 -1.274 0.0833 0.2 -0.3234 0.8158 -0.4794
d -1.4145 -1.0894 -1.1936 0.4167 0.2 -0.3234 0.8158 -0.4794
d -1.1613 -0.9846 -1.2113 0.0833 0.4 -0.3234 0.8158 -0.4794
d -1.4145 -1.0894 -1.1936 0.4167 0.2 -0.3234 0.8158 -0.4794
d -1.3114 -0.9497 -1.0505 0.4167 0.4 -0.3234 0.8158 -0.4794
d -1.1613 -0.9846 -1.2113 0.0833 0.4 -0.3234 0.8158 -0.4794
d -1.4145 -1.0894 -1.1936 0.4167 0.2 -0.5157 -0.3391 0.7868
d -1.3519 -1.1814 -1.1922 0.75 0.2 -0.5157 -0.3391 0.7868
d -1.3114 -0.9497 -1.0505 0.4167 0.4 -0.5157 -0.3391 0.7868
d -1.3519 -1.1814 -1.1922 0.75 0.2 -0.5157 -0.3391 0.7868
d -1.1861 -1.1337 -1.0478 0.75 0.4 -0.5157 -0.3391 0.7868
d -1.3114 -0.9497 -1.0505 0.4167 0.4 -0.5157 -0.3391 0.7868
d -1.5177 -1.2291 -1.3367 0.5 0 0 0 0
d -1.5177 -1.2291 -1.3367 0.5 0 0 0 0
d -1.3519 -1.1814 -1.1922 0.75 0.2 0 0 0
d -1.5177 -1.2291 -1.3367 0.5 0 0.6469 -0.6098 -0.4579
d -1.3395 -1.1069 -1.274 0.0833 0.2 0.6469 -0.6098 -0.4579
d -1.3519 -1.1814 -1.1922 -0.25 0.2 0.6469 -0.6098 -0.4579
d -1.5177 -1.2291 -1.3367 0.5 0 0 0 0
d -1.5177 -1.2291 -1.3367 0.5 0 0 0 0
d -1.3395 -1.1069 -1.274 0.0833 0.2 0 0 0
d -1.5177 -1.2291 -1.3367 0.5 0 -0.3234 0.8158 -0.4794
d -1.4145 -1.0894 -1.1936 0.4167 0.2 -0.3234 0.8158 -0.4794
d -1.3395 -1.1069 -1.274 0.0833 0.2 -0.3234 0.8158 -0.4794
d -1.5177 -1.2291 -1.3367 0.5 0 0 0 0
d -1.5177 -1.2291 -1.3367 0.5 0 0 0 0
d -1.4145 -1.0894 -1.1936 0.4167 0.2 0 0 0
d -1.5177 -1.2291 -1.3367 0.5 0 -0.5157 -0.3391 0.7868
d -1.3519 -1.1814 -1.1922 0.75 0.2 -0.5157 -0.3391 0.7868
d -1.4145 -1.0894 -1.1936 0.4167 0.2 -0.5157 -0.3391 0.7868
d -1.5177 -1.2291 -1.3367 0.5 0 0.2604 -0.8639 0.4311
d -1.5177 -1.2291 -1.3367 0.5 0 0.2604 -0.8639 0.4311
d -1.5177 -1.2291 -1.3367 0.5 0 0.2604 -0.8639 0.4311
d -1.5177 -1.2291 -1.3367 0.5 0 0.2604 -0.8639 0.4311
d -1.5177 -1.2291 -1.3367 0.5 0 0.2604 -0.8639 0.4311
d -1.5177 -1.2291 -1.3367 0.5 0 0.2604 -0.8639 0.4311
d -1.5177 -1.2291 -1.3367 0.5 0 0.2604 -0.8639 0.4311
d -1.5177 -1.2291 -1.3367 0.5 0 0.2604 -0.8639 0.4311
d -1.5177 -1.2291 -1.3367 0.5 0 0.2604 -0.8639 0.4311
c 0.4235 0.0314 0.5333
d 0.606 -0.9907 -0.6703 -0.25 1 -0.5472 0.4786 0.6866
d 1.0142 -0.6179 -0.6049 0.0833 1 -0.5472 0.4786 0.6866
d 0.7453 -0.7131 -0.7529 0.5 1 -0.5472 0.4786 0.6866
d 1.0142 -0.6179 -0.6049 0.0833 1 -0.5472 0.4786 0.6866
d 0.6156 -0.5306 -0.9835 0.4167 1 -0.5472 0.4786 0.6866
d 0.7453 -0.7131 -0.7529 0.5 1 -0.5472 0.4786 0.6866
d 0.6156 -0.5306 -0.9835 0.4167 1 -0.5472 0.4786 0.6866
d 0.606 -0.9907 -0.6703 0.75 1 -0.5472 0.4786 0.6866
d 0.7453 -0.7131 -0.7529 0.5 1 -0.5472 0.4786 0.6866
d 0.7519 -1.0384 -0.8349 -0.25 0.8 0.4525 -0.6098 0.6507
d 1.0784 -0.7402 -0.7825 0.0833 0.8 0.4525 -0.6098 0.6507
d 0.606 -0.9907 -0.6703 -0.25 1 0.4525 -0.6098 0.6507
d 1.0784 -0.7402 -0.7825 0.0833 0.8 0.4525 -0.6098 0.6507
d 1.0142 -0.6179 -0.6049 0.0833 1 0.4525 -0.6098 0.6507
d 0.606 -0.9907 -0.6703 -0.25 1 0.4525 -0.6098 0.6507
d 1.0784 -0.7402 -0.7825 0.0833 0.8 0.4821 0.8158 -0.3194
d 0.7595 -0.6703 -1.0854 0.4167 0.8 0.4821 0.8158 -0.3194
d 1.0142 -0.6179 -0.6049 0.0833 1 0.4821 0.8158 -0.3194
d 0.7595 -0.6703 -1.0854 0.4167 0.8 0.4821 0.8158 -0.3194
d 0.6156 -0.5306 -0.9835 0.4167 1 0.4821 0.8158 -0.3194
d 1.0142 -0.6179 -0.6049 0.0833 1 0.4821 0.8158 -0.3194
d 0.7595 -0.6703 -1.0854 0.4167 0.8 -0.7825 -0.3391 -0.5222
d 0.7519 -1.0384 -0.8349 0.75 0.8 -0.7825 -0.3391 -0.5222
d 0.6156 -0.5306 -0.9835 0.4167 1 -0.7825 -0.3391 -0.5222
d 0.7519 -1.0384 -0.8349 0.75 0.8 -0.7825 -0.3391 -0.5222
d 0.606 -0.9907 -0.6703 0.75 1 -0.7825 -0.3391 -0.5222
d 0.6156 -0.5306 -0.9835 0.4167 1 -0.7825 -0.3391 -0.5222
d 0.8977 -1.0861 -0.9995 -0.25 0.6 0.4525 -0.6098 0.6507
d 1.1426 -0.8624 -0.9602 0.0833 0.6 0.4525 -0.6098 0.6507
d 0.7519 -1.0384 -0.8349 -0.25 0.8 0.4525 -0.6098 0.6507
d 1.1426 -0.8624 -0.9602 0.0833 0.6 0.4525 -0.6098 0.6507
d 1.0784 -0.7402 -0.7825 0.0833 0.8 0.4525 -0.6098 0.6507
d 0.7519 -1.0384 -0.8349 -0.25 0.8 0.4525 -0.6098 0.6507
d 1.1426 -0.8624 -0.9602 0.0833 0.6 0.4821 0.8158 -0.3194
d 0.9035 -0.81 -1.1874 0.4167 0.6 0.4821 0.8158 -0.3194
d 1.0784 -0.7402 -0.7825 0.0833 0.8 0.4821 0.8158 -0.3194
d 0.9035 -0.81 -1.1874 0.4167 0.6 0.4821 0.8158 -0.3194
d 0.7595 -0.6703 -1.0854 0.4167 0.8 0.4821 0.8158 -0.3194
d 1.0784 -0.7402 -0.7825 0.0833 0.8 0.4821 0.8158 -0.3194
d 0.9035 -0.81 -1.1874 0.4167 0.6 -0.7825 -0.3391 -0.5222
d 0.8977 -1.0861 -0.9995 0.75 0.6 -0.7825 -0.3391 -0.5222
d 0.7595 -0.6703 -1.0854 0.4167 0.8 -0.7825 -0.3391 -0.5222
d 0.8977 -1.0861 -0.9995 0.75 0.6 -0.7825 -0.3391 -0.5222
d 0.7519 -1.0384 -0.8349 0.75 0.8 -0.7825 -0.3391 -0.5222
d 0.7595 -0.6703 -1.0854 0.4167 0.8 -0.7825 -0.3391 -0.5222
d 1.0436 -1.1337 -1.1641 -0.25 0.4 0.4525 -0.6098 0.6507
d 1.2068 -0.9846 -1.1379 0.0833 0.4 0.4525 -0.6098 0.6507
d 0.8977 -1.0861 -0.9995 -0.25 0.6 0.4525 -0.6098 0.6507
d 1.2068 -0.9846 -1.1379 0.0833 0.4 0.4525 -0.6098 0.6507
d 1.1426 -0.8624 -0.9602 0.0833 0.6 0.4525 -0.6098 0.6507
d 0.8977 -1.0861 -0.9995 -0.25 0.6 0.4525 -0.6098 0.6507
d 1.2068 -0.9846 -1.1379 0.0833 0.4 0.4821 0.8158 -0.3194
d 1.0474 -0.9497 -1.2893 0.4167 0.4 0.4821 0.8158 -0.3194
d 1.1426 -0.8624 -0.9602 0.0833 0.6 0.4821 0.8158 -0.3194
d 1.0474 -0.9497 -1.2893 0.4167 0.4 0.4821 0.8158 -0.3194
d 0.9035 -0.81 -1.1874 0.4167 0.6 0.4821 0.8158 -0.3194
d 1.1426 -0.8624 -0.9602 0.0833 0.6 0.4821 0.8158 -0.3194
d 1.0474 -0.9497 -1.2893 0.4167 0.4 -0.7825 -0.3391 -0.5222
d 1.0436 -1.1337 -1.1641 0.75 0.4 -0.7825 -0.3391 -0.5222
d 0.9035 -0.81 -1.1874 0.4167 0.6 -0.7825 -0.3391 -0.5222
d 1.0436 -1.1337 -1.1641 0.75 0.4 -0.7825 -0.3391 -0.5222
d 0.8977 -1.0861 -0.9995 0.75 0.6 -0.7825 -0.3391 -0.5222
d 0.9035 -0.81 -1.1874 0.4167 0.6 -0.7825 -0.3391 -0.5222
d 1.1894 -1.1814 -1.3286 -0.25 0.2 0.4525 -0.6098 0.6507
d 1.2711 -1.1069 -1.3156 0.0833 0.2 0.4525 -0.6098 0.6507
d 1.0436 -1.1337 -1.1641 -0.25 0.4 0.4525 -0.6098 0.6507
d 1.2711 -1.1069 -1.3156 0.0833 0.2 0.4525 -0.6098 0.6507
d 1.2068 -0.9846 -1.1379 0.0833 0.4 0.4525 -0.6098 0.6507
d 1.0436 -1.1337 -1.1641 -0.25 0.4 0.4525 -0.6098 0.6507
d 1.2711 -1.1069 -1.3156 0.0833 0.2 0.4821 0.8158 -0.3194
d 1.1913 -1.0894 -1.3913 0.4167 0.2 0.4821 0.8158 -0.3194
d 1.2068 -0.9846 -1.1379 0.0833 0.4 0.4821 0.8158 -0.3194
d 1.1913 -1.0894 -1.3913 0.4167 0.2 0.4821 0.8158 -0.3194
d 1.0474 -0.9497 -1.2893 0.4167 0.4 0.4821 0.8158 -0.3194
d 1.2068 -0.9846 -1.1379 0.0833 0.4 0.4821 0.8158 -0.3194
d 1.1913 -1.0894 -1.3913 0.4167 0.2 -0.7825 -0.3391 -0.5222
d 1.1894 -1.1814 -1.3286 0.75 0.2 -0.7825 -0.3391 -0.5222
d 1.0474 -0.9497 -1.2893 0.4167 0.4 -0.7825 -0.3391 -0.5222
d 1.1894 -1.1814 -1.3286 0.75 0.2 -0.7825 -0.3391 -0.5222
d 1.0436 -1.1337 -1.1641 0.75 0.4 -0.7825 -0.3391 -0.5222
d 1.0474 -0.9497 -1.2893 0.4167 0.4 -0.7825 -0.3391 -0.5222
d 1.3353 -1.2291 -1.4932 0.5 0 0 0 0
d 1.3353 -1.2291 -1.4932 0.5 0 0 0 0
d 1.1894 -1.1814 -1.3286 0.75 0.2 0 0 0
d 1.3353 -1.2291 -1.4932 0.5 0 0.4525 -0.6098 0.6507
d 1.2711 -1.1069 -1.3156 0.0833 0.2 0.4525 -0.6098 0.6507
d 1.1894 -1.1814 -1.3286 -0.25 0.2 0.4525 -0.6098 0.6507
d 1.3353 -1.2291 -1.4932 0.5 0 0 0 0
d 1.3353 -1.2291 -1.4932 0.5 0 0 0 0
d 1.2711 -1.1069 -1.3156 0.0833 0.2 0 0 0
d 1.3353 -1.2291 -1.4932 0.5 0 0.4821 0.8158 -0.3194
d 1.1913 -1.0894 -1.3913 0.4167 0.2 0.4821 0.8158 -0.3194
d 1.2711 -1.1069 -1.3156 0.0833 0.2 0.4821 0.8158 -0.3194
d 1.3353 -1.2291 -1.4932 0.5 0 0 0 0
d 1.3353 -1.2291 -1.4932 0.5 0 0 0 0
d 1.1913 -1.0894 -1.3913 0.4167 0.2 0 0 0
d 1.3353 -1.2291 -1.4932 0.5 0 -0.7825 -0.3391 -0.5222
d 1.1894 -1.1814 -1.3286 0.75 0.2 -0.7825 -0.3391 -0.5222
d 1.1913 -1.0894 -1.3913 0.4167 0.2 -0.7825 -0.3391 -0.5222
d 1.3353 -1.2291 -1.4932 0.5 0 -0.4333 -0.8639 0.2568
d 1.3353 -1.2291 -1.4932 0.5 0 -0.4333 -0.8639 0.2568
d 1.3353 -1.2291 -1.4932 0.5 0 -0.4333 -0.8639 0.2568
d 1.3353 -1.2291 -1.4932 0.5 0 -0.4333 -0.8639 0.2568
d 1.3353 -1.2291 -1.4932 0.5 0 -0.4333 -0.8639 0.2568
d 1.3353 -1.2291 -1.4932 0.5 0 -0.4333 -0.8639 0.2568
d 1.3353 -1.2291 -1.4932 0.5 0 -0.4333 -0.8639 0.2568
d 1.3353 -1.2291 -1.4932 0.5 0 -0.4333 -0.8639 0.2568
d 1.3353 -1.2291 -1.4932 0.5 0 -0.4333 -0.8639 0.2568
