Vertex Count: 252

Data:

c 0.5804 0.6941 0.1059
d 1.0289 -0.9945 -0.9532 0 0 0 -1 0
d 1.0373 -0.9945 1.0468 1 0 0 -1 0
d -0.9626 -0.9945 1.0552 1 1 0 -1 0
d -0.9626 -0.9945 1.0552 1 1 0 -1 0
d -0.9711 -0.9945 -0.9448 0 1 0 -1 0
d 1.0289 -0.9945 -0.9532 0 0 0 -1 0
d 1.0289 1.0055 -0.9532 1 0 0 1 0
d -0.9711 1.0055 -0.9448 1 1 0 1 0
d -0.9626 1.0055 1.0552 0 1 0 1 0
d -0.9626 1.0055 1.0552 0 1 0 1 0
d 1.0373 1.0055 1.0468 0 0 0 1 0
d 1.0289 1.0055 -0.9532 1 0 0 1 0
d -0.9711 1.0055 -0.9448 1 0 -1 0 0.0042
d -0.9711 -0.9945 -0.9448 1 1 -1 0 0.0042
d -0.9626 -0.9945 1.0552 0 1 -1 0 0.0042
d -0.9626 -0.9945 1.0552 0 1 -1 0 0.0042
d -0.9626 1.0055 1.0552 0 0 -1 0 0.0042
d -0.9711 1.0055 -0.9448 1 0 -1 0 0.0042
d 1.0289 1.0055 -0.9532 1 0 -0.0042 0 -1
d 1.0289 -0.9945 -0.9532 1 1 -0.0042 0 -1
d -0.9711 -0.9945 -0.9448 0 1 -0.0042 0 -1
d -0.9711 -0.9945 -0.9448 0 1 -0.0042 0 -1
d -0.9711 1.0055 -0.9448 0 0 -0.0042 0 -1
d 1.0289 1.0055 -0.9532 1 0 -0.0042 0 -1
d 1.0373 1.0055 1.0468 1 0 1 0 -0.0042
d 1.0373 -0.9945 1.0468 1 1 1 0 -0.0042
d 1.0289 -0.9945 -0.9532 0 1 1 0 -0.0042
d 1.0289 -0.9945 -0.9532 0 1 1 0 -0.0042
d 1.0289 1.0055 -0.9532 0 0 1 0 -0.0042
d 1.0373 1.0055 1.0468 1 0 1 0 -0.0042
d -0.9626 1.0055 1.0552 1 0 0.0042 0 1
d -0.9626 -0.9945 1.0552 1 1 0.0042 0 1
d 1.0373 -0.9945 1.0468 0 1 0.0042 0 1
d 1.0373 -0.9945 1.0468 0 1 0.0042 0 1
d 1.0373 1.0055 1.0468 0 0 0.0042 0 1
d -0.9626 1.0055 1.0552 1 0 0.0042 0 1
c 0.6039 0.8431 0.898
d 0.9152 0.1505 0.4212 0 0 0 -1 0
d 0.9185 0.1505 1.2212 1 0 0 -1 0
d 0.1186 0.1505 1.2246 1 1 0 -1 0
d 0.1186 0.1505 1.2246 1 1 0 -1 0
d 0.1152 0.1505 0.4246 0 1 0 -1 0
d 0.9152 0.1505 0.4212 0 0 0 -1 0
d 0.9152 0.9505 0.4212 1 0 0 1 0
d 0.1152 0.9505 0.4246 1 1 0 1 0
d 0.1186 0.9505 1.2246 0 1 0 1 0
d 0.1186 0.9505 1.2246 0 1 0 1 0
d 0.9185 0.9505 1.2212 0 0 0 1 0
d 0.9152 0.9505 0.4212 1 0 0 1 0
d 0.1152 0.9505 0.4246 1 0 -1 0 0.0042
d 0.1152 0.1505 0.4246 1 1 -1 0 0.0042
d 0.1186 0.1505 1.2246 0 1 -1 0 0.0042
d 0.1186 0.1505 1.2246 0 1 -1 0 0.0042
d 0.1186 0.9505 1.2246 0 0 -1 0 0.0042
d 0.1152 0.9505 0.4246 1 0 -1 0 0.0042
d 0.9152 0.9505 0.4212 1 0 -0.0042 0 -1
d 0.9152 0.1505 0.4212 1 1 -0.0042 0 -1
d 0.1152 0.1505 0.4246 0 1 -0.0042 0 -1
d 0.1152 0.1505 0.4246 0 1 -0.0042 0 -1
d 0.1152 0.9505 0.4246 0 0 -0.0042 0 -1
d 0.9152 0.9505 0.4212 1 0 -0.0042 0 -1
d 0.9185 0.9505 1.2212 1 0 1 0 -0.0042
d 0.9185 0.1505 1.2212 1 1 1 0 -0.0042
d 0.9152 0.1505 0.4212 0 1 1 0 -0.0042
d 0.9152 0.1505 0.4212 0 1 1 0 -0.0042
d 0.9152 0.9505 0.4212 0 0 1 0 -0.0042
d 0.9185 0.9505 1.2212 1 0 1 0 -0.0042
d 0.1186 0.9505 1.2246 1 0 0.0042 0 1
d 0.1186 0.1505 1.2246 1 1 0.0042 0 1
d 0.9185 0.1505 1.2212 0 1 0.0042 0 1
d 0.9185 0.1505 1.2212 0 1 0.0042 0 1
d 0.9185 0.9505 1.2212 0 0 0.0042 0 1
d 0.1186 0.9505 1.2246 1 0 0.0042 0 1
c 0.6039 0.8431 0.898
d -0.0719 0.143 0.429 0 0 0 -1 0
d -0.0685 0.143 1.229 1 0 0 -1 0
d -0.8685 0.143 1.2324 1 1 0 -1 0
d -0.8685 0.143 1.2324 1 1 0 -1 0
d -0.8718 0.143 0.4324 0 1 0 -1 0
d -0.0719 0.143 0.429 0 0 0 -1 0
d -0.0719 0.943 0.429 1 0 0 1 0
d -0.8718 0.943 0.4324 1 1 0 1 0
d -0.8685 0.943 1.2324 0 1 0 1 0
d -0.8685 0.943 1.2324 0 1 0 1 0
d -0.0685 0.943 1.229 0 0 0 1 0
d -0.0719 0.943 0.429 1 0 0 1 0
d -0.8718 0.943 0.4324 1 0 -1 0 0.0042
d -0.8718 0.143 0.4324 1 1 -1 0 0.0042
d -0.8685 0.143 1.2324 0 1 -1 0 0.0042
d -0.8685 0.143 1.2324 0 1 -1 0 0.0042
d -0.8685 0.943 1.2324 0 0 -1 0 0.0042
d -0.8718 0.943 0.4324 1 0 -1 0 0.0042
d -0.0719 0.943 0.429 1 0 -0.0042 0 -1
d -0.0719 0.143 0.429 1 1 -0.0042 0 -1
d -0.8718 0.143 0.4324 0 1 -0.0042 0 -1
d -0.8718 0.143 0.4324 0 1 -0.0042 0 -1
d -0.8718 0.943 0.4324 0 0 -0.0042 0 -1
d -0.0719 0.943 0.429 1 0 -0.0042 0 -1
d -0.0685 0.943 1.229 1 0 1 0 -0.0042
d -0.0685 0.143 1.229 1 1 1 0 -0.0042
d -0.0719 0.143 0.429 0 1 1 0 -0.0042
d -0.0719 0.143 0.429 0 1 1 0 -0.0042
d -0.0719 0.943 0.429 0 0 1 0 -0.0042
d -0.0685 0.943 1.229 1 0 1 0 -0.0042
d -0.8685 0.943 1.2324 1 0 0.0042 0 1
d -0.8685 0.143 1.2324 1 1 0.0042 0 1
d -0.0685 0.143 1.229 0 1 0.0042 0 1
d -0.0685 0.143 1.229 0 1 0.0042 0 1
d -0.0685 0.943 1.229 0 0 0.0042 0 1
d -0.8685 0.943 1.2324 1 0 0.0042 0 1
c 0 0 0
d 0.8245 0.3704 1.1938 0 0 0 -1 0
d 0.8247 0.3704 1.2338 1 0 0 -1 0
d 0.2247 0.3704 1.2364 1 1 0 -1 0
d 0.2247 0.3704 1.2364 1 1 0 -1 0
d 0.2245 0.3704 1.1964 0 1 0 -1 0
d 0.8245 0.3704 1.1938 0 0 0 -1 0
d 0.8245 0.7704 1.1938 1 0 0 1 0
d 0.2245 0.7704 1.1964 1 1 0 1 0
d 0.2247 0.7704 1.2364 0 1 0 1 0
d 0.2247 0.7704 1.2364 0 1 0 1 0
d 0.8247 0.7704 1.2338 0 0 0 1 0
d 0.8245 0.7704 1.1938 1 0 0 1 0
d 0.2245 0.7704 1.1964 1 0 -1 0 0.0042
d 0.2245 0.3704 1.1964 1 1 -1 0 0.0042
d 0.2247 0.3704 1.2364 0 1 -1 0 0.0042
d 0.2247 0.3704 1.2364 0 1 -1 0 0.0042
d 0.2247 0.7704 1.2364 0 0 -1 0 0.0042
d 0.2245 0.7704 1.1964 1 0 -1 0 0.0042
d 0.8245 0.7704 1.1938 1 0 -0.0042 0 -1
d 0.8245 0.3704 1.1938 1 1 -0.0042 0 -1
d 0.2245 0.3704 1.1964 0 1 -0.0042 0 -1
d 0.2245 0.3704 1.1964 0 1 -0.0042 0 -1
d 0.2245 0.7704 1.1964 0 0 -0.0042 0 -1
d 0.8245 0.7704 1.1938 1 0 -0.0042 0 -1
d 0.8247 0.7704 1.2338 1 0 1 0 -0.0042
d 0.8247 0.3704 1.2338 1 1 1 0 -0.0042
d 0.8245 0.3704 1.1938 0 1 1 0 -0.0042
d 0.8245 0.3704 1.1938 0 1 1 0 -0.0042
d 0.8245 0.7704 1.1938 0 0 1 0 -0.0042
d 0.8247 0.7704 1.2338 1 0 1 0 -0.0042
d 0.2247 0.7704 1.2364 1 0 0.0042 0 1
d 0.2247 0.3704 1.2364 1 1 0.0042 0 1
d 0.8247 0.3704 1.2338 0 1 0.0042 0 1
d 0.8247 0.3704 1.2338 0 1 0.0042 0 1
d 0.8247 0.7704 1.2338 0 0 0.0042 0 1
d 0.2247 0.7704 1.2364 1 0 0.0042 0 1
c 0 0 0
d -0.1339 0.3384 1.1979 0 0 0 -1 0
d -0.1338 0.3384 1.2379 1 0 0 -1 0
d -0.7338 0.3384 1.2404 1 1 0 -1 0
d -0.7338 0.3384 1.2404 1 1 0 -1 0
d -0.7339 0.3384 1.2004 0 1 0 -1 0
d -0.1339 0.3384 1.1979 0 0 0 -1 0
d -0.1339 0.7384 1.1979 1 0 0 1 0
d -0.7339 0.7384 1.2004 1 1 0 1 0
d -0.7338 0.7384 1.2404 0 1 0 1 0
d -0.7338 0.7384 1.2404 0 1 0 1 0
d -0.1338 0.7384 1.2379 0 0 0 1 0
d -0.1339 0.7384 1.1979 1 0 0 1 0
d -0.7339 0.7384 1.2004 1 0 -1 0 0.0042
d -0.7339 0.3384 1.2004 1 1 -1 0 0.0042
d -0.7338 0.3384 1.2404 0 1 -1 0 0.0042
d -0.7338 0.3384 1.2404 0 1 -1 0 0.0042
d -0.7338 0.7384 1.2404 0 0 -1 0 0.0042
d -0.7339 0.7384 1.2004 1 0 -1 0 0.0042
d -0.1339 0.7384 1.1979 1 0 -0.0042 0 -1
d -0.1339 0.3384 1.1979 1 1 -0.0042 0 -1
d -0.7339 0.3384 1.2004 0 1 -0.0042 0 -1
d -0.7339 0.3384 1.2004 0 1 -0.0042 0 -1
d -0.7339 0.7384 1.2004 0 0 -0.0042 0 -1
d -0.1339 0.7384 1.1979 1 0 -0.0042 0 -1
d -0.1338 0.7384 1.2379 1 0 1 0 -0.0042
d -0.1338 0.3384 1.2379 1 1 1 0 -0.0042
d -0.1339 0.3384 1.1979 0 1 1 0 -0.0042
d -0.1339 0.3384 1.1979 0 1 1 0 -0.0042
d -0.1339 0.7384 1.1979 0 0 1 0 -0.0042
d -0.1338 0.7384 1.2379 1 0 1 0 -0.0042
d -0.7338 0.7384 1.2404 1 0 0.0042 0 1
d -0.7338 0.3384 1.2404 1 1 0.0042 0 1
d -0.1338 0.3384 1.2379 0 1 0.0042 0 1
d -0.1338 0.3384 1.2379 0 1 0.0042 0 1
d -0.1338 0.7384 1.2379 0 0 0.0042 0 1
d -0.7338 0.7384 1.2404 1 0 0.0042 0 1
c 0.5294 0.0235 0.0235
d 0.8008 -0.3775 0.5921 0 0 0 -1 0
d 0.805 -0.3775 1.5903 1 0 0 -1 0
d -0.6752 -0.3775 1.5966 1 1 0 -1 0
d -0.6752 -0.3775 1.5966 1 1 0 -1 0
d -0.6794 -0.3775 0.5983 0 1 0 -1 0
d 0.8008 -0.3775 0.5921 0 0 0 -1 0
d 0.8008 -0.0342 0.5921 1 0 0 1 0
d -0.6794 -0.0342 0.5983 1 1 0 1 0
d -0.6752 -0.0342 1.5966 0 1 0 1 0
d -0.6752 -0.0342 1.5966 0 1 0 1 0
d 0.805 -0.0342 1.5903 0 0 0 1 0
d 0.8008 -0.0342 0.5921 1 0 0 1 0
d -0.6794 -0.0342 0.5983 1 0 -1 0 0.0042
d -0.6794 -0.3775 0.5983 1 1 -1 0 0.0042
d -0.6752 -0.3775 1.5966 0 1 -1 0 0.0042
d -0.6752 -0.3775 1.5966 0 1 -1 0 0.0042
d -0.6752 -0.0342 1.5966 0 0 -1 0 0.0042
d -0.6794 -0.0342 0.5983 1 0 -1 0 0.0042
d 0.8008 -0.0342 0.5921 1 0 -0.0042 0 -1
d 0.8008 -0.3775 0.5921 1 1 -0.0042 0 -1
d -0.6794 -0.3775 0.5983 0 1 -0.0042 0 -1
d -0.6794 -0.3775 0.5983 0 1 -0.0042 0 -1
d -0.6794 -0.0342 0.5983 0 0 -0.0042 0 -1
d 0.8008 -0.0342 0.5921 1 0 -0.0042 0 -1
d 0.805 -0.0342 1.5903 1 0 1 0 -0.0042
d 0.805 -0.3775 1.5903 1 1 1 0 -0.0042
d 0.8008 -0.3775 0.5921 0 1 1 0 -0.0042
d 0.8008 -0.3775 0.5921 0 1 1 0 -0.0042
d 0.8008 -0.0342 0.5921 0 0 1 0 -0.0042
d 0.805 -0.0342 1.5903 1 0 1 0 -0.0042
d -0.6752 -0.0342 1.5966 1 0 0.0042 0 1
d -0.6752 -0.3775 1.5966 1 1 0.0042 0 1
d 0.805 -0.3775 1.5903 0 1 0.0042 0 1
d 0.805 -0.3775 1.5903 0 1 0.0042 0 1
d 0.805 -0.0342 1.5903 0 0 0.0042 0 1
d -0.6752 -0.0342 1.5966 1 0 0.0042 0 1
c 0.5294 0.0235 0.0235
d 0.8015 -0.8747 0.5767 0 0 0 -1 0
d 0.8058 -0.8747 1.5749 1 0 0 -1 0
d -0.6745 -0.8747 1.5812 1 1 0 -1 0
d -0.6745 -0.8747 1.5812 1 1 0 -1 0
d -0.6787 -0.8747 0.5829 0 1 0 -1 0
d 0.8015 -0.8747 0.5767 0 0 0 -1 0
d 0.8015 -0.5314 0.5767 1 0 0 1 0
d -0.6787 -0.5314 0.5829 1 1 0 1 0
d -0.6745 -0.5314 1.5812 0 1 0 1 0
d -0.6745 -0.5314 1.5812 0 1 0 1 0
d 0.8058 -0.5314 1.5749 0 0 0 1 0
d 0.8015 -0.5314 0.5767 1 0 0 1 0
d -0.6787 -0.5314 0.5829 1 0 -1 0 0.0042
d -0.6787 -0.8747 0.5829 1 1 -1 0 0.0042
d -0.6745 -0.8747 1.5812 0 1 -1 0 0.0042
d -0.6745 -0.8747 1.5812 0 1 -1 0 0.0042
d -0.6745 -0.5314 1.5812 0 0 -1 0 0.0042
d -0.6787 -0.5314 0.5829 1 0 -1 0 0.0042
d 0.8015 -0.5314 0.5767 1 0 -0.0042 0 -1
d 0.8015 -0.8747 0.5767 1 1 -0.0042 0 -1
d -0.6787 -0.8747 0.5829 0 1 -0.0042 0 -1
d -0.6787 -0.8747 0.5829 0 1 -0.0042 0 -1
d -0.6787 -0.5314 0.5829 0 0 -0.0042 0 -1
d 0.8015 -0.5314 0.5767 1 0 -0.0042 0 -1
d 0.8058 -0.5314 1.5749 1 0 1 0 -0.0042
d 0.8058 -0.8747 1.5749 1 1 1 0 -0.0042
d 0.8015 -0.8747 0.5767 0 1 1 0 -0.0042
d 0.8015 -0.8747 0.5767 0 1 1 0 -0.0042
d 0.8015 -0.5314 0.5767 0 0 1 0 -0.0042
d 0.8058 -0.5314 1.5749 1 0 1 0 -0.0042
d -0.6745 -0.5314 1.5812 1 0 0.0042 0 1
d -0.6745 -0.8747 1.5812 1 1 0.0042 0 1
d 0.8058 -0.8747 1.5749 0 1 0.0042 0 1
d 0.8058 -0.8747 1.5749 0 1 0.0042 0 1
d 0.8058 -0.5314 1.5749 0 0 0.0042 0 1
d -0.6745 -0.5314 1.5812 1 0 0.0042 0 1
