Vertex Count: 252

Data:

c 0.5804 0.6941 0.1059
d 1.0289 0.1351 -0.9532 0 0 0 -1 0
d 1.0373 0.1351 1.0468 1 0 0 -1 0
d -0.9626 0.1351 1.0552 1 1 0 -1 0
d -0.9626 0.1351 1.0552 1 1 0 -1 0
d -0.9711 0.1351 -0.9448 0 1 0 -1 0
d 1.0289 0.1351 -0.9532 0 0 0 -1 0
d 1.0289 2.1351 -0.9532 1 0 0 1 0
d -0.9711 2.1351 -0.9448 1 1 0 1 0
d -0.9626 2.1351 1.0552 0 1 0 1 0
d -0.9626 2.1351 1.0552 0 1 0 1 0
d 1.0373 2.1351 1.0468 0 0 0 1 0
d 1.0289 2.1351 -0.9532 1 0 0 1 0
d -0.9711 2.1351 -0.9448 1 0 -1 0 0.0042
d -0.9711 0.1351 -0.9448 1 1 -1 0 0.0042
d -0.9626 0.1351 1.0552 0 1 -1 0 0.0042
d -0.9626 0.1351 1.0552 0 1 -1 0 0.0042
d -0.9626 2.1351 1.0552 0 0 -1 0 0.0042
d -0.9711 2.1351 -0.9448 1 0 -1 0 0.0042
d 1.0289 2.1351 -0.9532 1 0 -0.0042 0 -1
d 1.0289 0.1351 -0.9532 1 1 -0.0042 0 -1
d -0.9711 0.1351 -0.9448 0 1 -0.0042 0 -1
d -0.9711 0.1351 -0.9448 0 1 -0.0042 0 -1
d -0.9711 2.1351 -0.9448 0 0 -0.0042 0 -1
d 1.0289 2.1351 -0.9532 1 0 -0.0042 0 -1
d 1.0373 2.1351 1.0468 1 0 1 0 -0.0042
d 1.0373 0.1351 1.0468 1 1 1 0 -0.0042
d 1.0289 0.1351 -0.9532 0 1 1 0 -0.0042
d 1.0289 0.1351 -0.9532 0 1 1 0 -0.0042
d 1.0289 2.1351 -0.9532 0 0 1 0 -0.0042
d 1.0373 2.1351 1.0468 1 0 1 0 -0.0042
d -0.9626 2.1351 1.0552 1 0 0.0042 0 1
d -0.9626 0.1351 1.0552 1 1 0.0042 0 1
d 1.0373 0.1351 1.0468 0 1 0.0042 0 1
d 1.0373 0.1351 1.0468 0 1 0.0042 0 1
d 1.0373 2.1351 1.0468 0 0 0.0042 0 1
d -0.9626 2.1351 1.0552 1 0 0.0042 0 1
c 0.6039 0.8431 0.898
d 0.9152 1.2801 0.4212 0 0 0 -1 0
d 0.9185 1.2801 1.2212 1 0 0 -1 0
d 0.1186 1.2801 1.2246 1 1 0 -1 0
d 0.1186 1.2801 1.2246 1 1 0 -1 0
d 0.1152 1.2801 0.4246 0 1 0 -1 0
d 0.9152 1.2801 0.4212 0 0 0 -1 0
d 0.9152 2.0801 0.4212 1 0 0 1 0
d 0.1152 2.0801 0.4246 1 1 0 1 0
d 0.1186 2.0801 1.2246 0 1 0 1 0
d 0.1186 2.0801 1.2246 0 1 0 1 0
d 0.9185 2.0801 1.2212 0 0 0 1 0
d 0.9152 2.0801 0.4212 1 0 0 1 0
d 0.1152 2.0801 0.4246 1 0 -1 0 0.0042
d 0.1152 1.2801 0.4246 1 1 -1 0 0.0042
d 0.1186 1.2801 1.2246 0 1 -1 0 0.0042
d 0.1186 1.2801 1.2246 0 1 -1 0 0.0042
d 0.1186 2.0801 1.2246 0 0 -1 0 0.0042
d 0.1152 2.0801 0.4246 1 0 -1 0 0.0042
d 0.9152 2.0801 0.4212 1 0 -0.0042 0 -1
d 0.9152 1.2801 0.4212 1 1 -0.0042 0 -1
d 0.1152 1.2801 0.4246 0 1 -0.0042 0 -1
d 0.1152 1.2801 0.4246 0 1 -0.0042 0 -1
d 0.1152 2.0801 0.4246 0 0 -0.0042 0 -1
d 0.9152 2.0801 0.4212 1 0 -0.0042 0 -1
d 0.9185 2.0801 1.2212 1 0 1 0 -0.0042
d 0.9185 1.2801 1.2212 1 1 1 0 -0.0042
d 0.9152 1.2801 0.4212 0 1 1 0 -0.0042
d 0.9152 1.2801 0.4212 0 1 1 0 -0.0042
d 0.9152 2.0801 0.4212 0 0 1 0 -0.0042
d 0.9185 2.0801 1.2212 1 0 1 0 -0.0042
d 0.1186 2.0801 1.2246 1 0 0.0042 0 1
d 0.1186 1.2801 1.2246 1 1 0.0042 0 1
d 0.9185 1.2801 1.2212 0 1 0.0042 0 1
d 0.9185 1.2801 1.2212 0 1 0.0042 0 1
d 0.9185 2.0801 1.2212 0 0 0.0042 0 1
d 0.1186 2.0801 1.2246 1 0 0.0042 0 1
c 0.6039 0.8431 0.898
d -0.0719 1.2726 0.429 0 0 0 -1 0
d -0.0685 1.2726 1.229 1 0 0 -1 0
d -0.8685 1.2726 1.2324 1 1 0 -1 0
d -0.8685 1.2726 1.2324 1 1 0 -1 0
d -0.8718 1.2726 0.4324 0 1 0 -1 0
d -0.0719 1.2726 0.429 0 0 0 -1 0
d -0.0719 2.0726 0.429 1 0 0 1 0
d -0.8718 2.0726 0.4324 1 1 0 1 0
d -0.8685 2.0726 1.2324 0 1 0 1 0
d -0.8685 2.0726 1.2324 0 1 0 1 0
d -0.0685 2.0726 1.229 0 0 0 1 0
d -0.0719 2.0726 0.429 1 0 0 1 0
d -0.8718 2.0726 0.4324 1 0 -1 0 0.0042
d -0.8718 1.2726 0.4324 1 1 -1 0 0.0042
d -0.8685 1.2726 1.2324 0 1 -1 0 0.0042
d -0.8685 1.2726 1.2324 0 1 -1 0 0.0042
d -0.8685 2.0726 1.2324 0 0 -1 0 0.0042
d -0.8718 2.0726 0.4324 1 0 -1 0 0.0042
d -0.0719 2.0726 0.429 1 0 -0.0042 0 -1
d -0.0719 1.2726 0.429 1 1 -0.0042 0 -1
d -0.8718 1.2726 0.4324 0 1 -0.0042 0 -1
d -0.8718 1.2726 0.4324 0 1 -0.0042 0 -1
d -0.8718 2.0726 0.4324 0 0 -0.0042 0 -1
d -0.0719 2.0726 0.429 1 0 -0.0042 0 -1
d -0.0685 2.0726 1.229 1 0 1 0 -0.0042
d -0.0685 1.2726 1.229 1 1 1 0 -0.0042
d -0.0719 1.2726 0.429 0 1 1 0 -0.0042
d -0.0719 1.2726 0.429 0 1 1 0 -0.0042
d -0.0719 2.0726 0.429 0 0 1 0 -0.0042
d -0.0685 2.0726 1.229 1 0 1 0 -0.0042
d -0.8685 2.0726 1.2324 1 0 0.0042 0 1
d -0.8685 1.2726 1.2324 1 1 0.0042 0 1
d -0.0685 1.2726 1.229 0 1 0.0042 0 1
d -0.0685 1.2726 1.229 0 1 0.0042 0 1
d -0.0685 2.0726 1.229 0 0 0.0042 0 1
d -0.8685 2.0726 1.2324 1 0 0.0042 0 1
c 0 0 0
d 0.8245 1.5 1.1938 0 0 0 -1 0
d 0.8247 1.5 1.2338 1 0 0 -1 0
d 0.2247 1.5 1.2364 1 1 0 -1 0
d 0.2247 1.5 1.2364 1 1 0 -1 0
d 0.2245 1.5 1.1964 0 1 0 -1 0
d 0.8245 1.5 1.1938 0 0 0 -1 0
d 0.8245 1.9 1.1938 1 0 0 1 0
d 0.2245 1.9 1.1964 1 1 0 1 0
d 0.2247 1.9 1.2364 0 1 0 1 0
d 0.2247 1.9 1.2364 0 1 0 1 0
d 0.8247 1.9 1.2338 0 0 0 1 0
d 0.8245 1.9 1.1938 1 0 0 1 0
d 0.2245 1.9 1.1964 1 0 -1 0 0.0042
d 0.2245 1.5 1.1964 1 1 -1 0 0.0042
d 0.2247 1.5 1.2364 0 1 -1 0 0.0042
d 0.2247 1.5 1.2364 0 1 -1 0 0.0042
d 0.2247 1.9 1.2364 0 0 -1 0 0.0042
d 0.2245 1.9 1.1964 1 0 -1 0 0.0042
d 0.8245 1.9 1.1938 1 0 -0.0042 0 -1
d 0.8245 1.5 1.1938 1 1 -0.0042 0 -1
d 0.2245 1.5 1.1964 0 1 -0.0042 0 -1
d 0.2245 1.5 1.1964 0 1 -0.0042 0 -1
d 0.2245 1.9 1.1964 0 0 -0.0042 0 -1
d 0.8245 1.9 1.1938 1 0 -0.0042 0 -1
d 0.8247 1.9 1.2338 1 0 1 0 -0.0042
d 0.8247 1.5 1.2338 1 1 1 0 -0.0042
d 0.8245 1.5 1.1938 0 1 1 0 -0.0042
d 0.8245 1.5 1.1938 0 1 1 0 -0.0042
d 0.8245 1.9 1.1938 0 0 1 0 -0.0042
d 0.8247 1.9 1.2338 1 0 1 0 -0.0042
d 0.2247 1.9 1.2364 1 0 0.0042 0 1
d 0.2247 1.5 1.2364 1 1 0.0042 0 1
d 0.8247 1.5 1.2338 0 1 0.0042 0 1
d 0.8247 1.5 1.2338 0 1 0.0042 0 1
d 0.8247 1.9 1.2338 0 0 0.0042 0 1
d 0.2247 1.9 1.2364 1 0 0.0042 0 1
c 0 0 0
d -0.1339 1.4681 1.1979 0 0 0 -1 0
d -0.1338 1.4681 1.2379 1 0 0 -1 0
d -0.7338 1.4681 1.2404 1 1 0 -1 0
d -0.7338 1.4681 1.2404 1 1 0 -1 0
d -0.7339 1.4681 1.2004 0 1 0 -1 0
d -0.1339 1.4681 1.1979 0 0 0 -1 0
d -0.1339 1.8681 1.1979 1 0 0 1 0
d -0.7339 1.8681 1.2004 1 1 0 1 0
d -0.7338 1.8681 1.2404 0 1 0 1 0
d -0.7338 1.8681 1.2404 0 1 0 1 0
d -0.1338 1.8681 1.2379 0 0 0 1 0
d -0.1339 1.8681 1.1979 1 0 0 1 0
d -0.7339 1.8681 1.2004 1 0 -1 0 0.0042
d -0.7339 1.4681 1.2004 1 1 -1 0 0.0042
d -0.7338 1.4681 1.2404 0 1 -1 0 0.0042
d -0.7338 1.4681 1.2404 0 1 -1 0 0.0042
d -0.7338 1.8681 1.2404 0 0 -1 0 0.0042
d -0.7339 1.8681 1.2004 1 0 -1 0 0.0042
d -0.1339 1.8681 1.1979 1 0 -0.0042 0 -1
d -0.1339 1.4681 1.1979 1 1 -0.0042 0 -1
d -0.7339 1.4681 1.2004 0 1 -0.0042 0 -1
d -0.7339 1.4681 1.2004 0 1 -0.0042 0 -1
d -0.7339 1.8681 1.2004 0 0 -0.0042 0 -1
d -0.1339 1.8681 1.1979 1 0 -0.0042 0 -1
d -0.1338 1.8681 1.2379 1 0 1 0 -0.0042
d -0.1338 1.4681 1.2379 1 1 1 0 -0.0042
d -0.1339 1.4681 1.1979 0 1 1 0 -0.0042
d -0.1339 1.4681 1.1979 0 1 1 0 -0.0042
d -0.1339 1.8681 1.1979 0 0 1 0 -0.0042
d -0.1338 1.8681 1.2379 1 0 1 0 -0.0042
d -0.7338 1.8681 1.2404 1 0 0.0042 0 1
d -0.7338 1.4681 1.2404 1 1 0.0042 0 1
d -0.1338 1.4681 1.2379 0 1 0.0042 0 1
d -0.1338 1.4681 1.2379 0 1 0.0042 0 1
d -0.1338 1.8681 1.2379 0 0 0.0042 0 1
d -0.7338 1.8681 1.2404 1 0 0.0042 0 1
c 0.5294 0.0235 0.0235
d 0.8008 0.7521 0.5921 0 0 0 -1 0
d 0.805 0.7521 1.5903 1 0 0 -1 0
d -0.6752 0.7521 1.5966 1 1 0 -1 0
d -0.6752 0.7521 1.5966 1 1 0 -1 0
d -0.6794 0.7521 0.5983 0 1 0 -1 0
d 0.8008 0.7521 0.5921 0 0 0 -1 0
d 0.8008 1.0954 0.5921 1 0 0 1 0
d -0.6794 1.0954 0.5983 1 1 0 1 0
d -0.6752 1.0954 1.5966 0 1 0 1 0
d -0.6752 1.0954 1.5966 0 1 0 1 0
d 0.805 1.0954 1.5903 0 0 0 1 0
d 0.8008 1.0954 0.5921 1 0 0 1 0
d -0.6794 1.0954 0.5983 1 0 -1 0 0.0042
d -0.6794 0.7521 0.5983 1 1 -1 0 0.0042
d -0.6752 0.7521 1.5966 0 1 -1 0 0.0042
d -0.6752 0.7521 1.5966 0 1 -1 0 0.0042
d -0.6752 1.0954 1.5966 0 0 -1 0 0.0042
d -0.6794 1.0954 0.5983 1 0 -1 0 0.0042
d 0.8008 1.0954 0.5921 1 0 -0.0042 0 -1
d 0.8008 0.7521 0.5921 1 1 -0.0042 0 -1
d -0.6794 0.7521 0.5983 0 1 -0.0042 0 -1
d -0.6794 0.7521 0.5983 0 1 -0.0042 0 -1
d -0.6794 1.0954 0.5983 0 0 -0.0042 0 -1
d 0.8008 1.0954 0.5921 1 0 -0.0042 0 -1
d 0.805 1.0954 1.5903 1 0 1 0 -0.0042
d 0.805 0.7521 1.5903 1 1 1 0 -0.0042
d 0.8008 0.7521 0.5921 0 1 1 0 -0.0042
d 0.8008 0.7521 0.5921 0 1 1 0 -0.0042
d 0.8008 1.0954 0.5921 0 0 1 0 -0.0042
d 0.805 1.0954 1.5903 1 0 1 0 -0.0042
d -0.6752 1.0954 1.5966 1 0 0.0042 0 1
d -0.6752 0.7521 1.5966 1 1 0.0042 0 1
d 0.805 0.7521 1.5903 0 1 0.0042 0 1
d 0.805 0.7521 1.5903 0 1 0.0042 0 1
d 0.805 1.0954 1.5903 0 0 0.0042 0 1
d -0.6752 1.0954 1.5966 1 0 0.0042 0 1
c 0.5294 0.0235 0.0235
d 0.8015 0.255 0.5767 0 0 0 -1 0
d 0.8058 0.255 1.5749 1 0 0 -1 0
d -0.6745 0.255 1.5812 1 1 0 -1 0
d -0.6745 0.255 1.5812 1 1 0 -1 0
d -0.6787 0.255 0.5829 0 1 0 -1 0
d 0.8015 0.255 0.5767 0 0 0 -1 0
d 0.8015 0.5983 0.5767 1 0 0 1 0
d -0.6787 0.5983 0.5829 1 1 0 1 0
d -0.6745 0.5983 1.5812 0 1 0 1 0
d -0.6745 0.5983 1.5812 0 1 0 1 0
d 0.8058 0.5983 1.5749 0 0 0 1 0
d 0.8015 0.5983 0.5767 1 0 0 1 0
d -0.6787 0.5983 0.5829 1 0 -1 0 0.0042
d -0.6787 0.255 0.5829 1 1 -1 0 0.0042
d -0.6745 0.255 1.5812 0 1 -1 0 0.0042
d -0.6745 0.255 1.5812 0 1 -1 0 0.0042
d -0.6745 0.5983 1.5812 0 0 -1 0 0.0042
d -0.6787 0.5983 0.5829 1 0 -1 0 0.0042
d 0.8015 0.5983 0.5767 1 0 -0.0042 0 -1
d 0.8015 0.255 0.5767 1 1 -0.0042 0 -1
d -0.6787 0.255 0.5829 0 1 -0.0042 0 -1
d -0.6787 0.255 0.5829 0 1 -0.0042 0 -1
d -0.6787 0.5983 0.5829 0 0 -0.0042 0 -1
d 0.8015 0.5983 0.5767 1 0 -0.0042 0 -1
d 0.8058 0.5983 1.5749 1 0 1 0 -0.0042
d 0.8058 0.255 1.5749 1 1 1 0 -0.0042
d 0.8015 0.255 0.5767 0 1 1 0 -0.0042
d 0.8015 0.255 0.5767 0 1 1 0 -0.0042
d 0.8015 0.5983 0.5767 0 0 1 0 -0.0042
d 0.8058 0.5983 1.5749 1 0 1 0 -0.0042
d -0.6745 0.5983 1.5812 1 0 0.0042 0 1
d -0.6745 0.255 1.5812 1 1 0.0042 0 1
d 0.8058 0.255 1.5749 0 1 0.0042 0 1
d 0.8058 0.255 1.5749 0 1 0.0042 0 1
d 0.8058 0.5983 1.5749 0 0 0.0042 0 1
d -0.6745 0.5983 1.5812 1 0 0.0042 0 1
