Vertex Count: 96

Data:

c 0.5294 0.0235 0.0235
d -0.0625 0.1207 0.0339 0.25 0.75 -0.0051 0.2606 -0.9654
d -0.125 0.2414 0.0678 0 1 -0.0051 0.2606 -0.9654
d -0.0623 0.2414 0.0665 0 0.75 -0.0051 0.2606 -0.9654
d -0.125 0.2414 0.0678 0 1 -0.0051 0.2606 -0.9654
d -0.0625 0.1207 0.0339 0.25 0.75 -0.0051 0.2606 -0.9654
d -0.1252 0.1207 0.0352 0.25 1 -0.0051 0.2606 -0.9654
d -0.0627 0 0.0013 0.5 0.75 -0.0051 0.2606 -0.9654
d -0.1252 0.1207 0.0352 0.25 1 -0.0051 0.2606 -0.9654
d -0.0625 0.1207 0.0339 0.25 0.75 -0.0051 0.2606 -0.9654
d -0.1252 0.1207 0.0352 0.25 1 -0.0051 0.2606 -0.9654
d -0.0627 0 0.0013 0.5 0.75 -0.0051 0.2606 -0.9654
d -0.1254 0 0.0026 0.5 1 -0.0051 0.2606 -0.9654
d -0.0629 -0.1207 -0.0313 0.75 0.75 -0.0051 0.2606 -0.9654
d -0.1254 0 0.0026 0.5 1 -0.0051 0.2606 -0.9654
d -0.0627 0 0.0013 0.5 0.75 -0.0051 0.2606 -0.9654
d -0.1254 0 0.0026 0.5 1 -0.0051 0.2606 -0.9654
d -0.0629 -0.1207 -0.0313 0.75 0.75 -0.0051 0.2606 -0.9654
d -0.1256 -0.1207 -0.0299 0.75 1 -0.0051 0.2606 -0.9654
d -0.063 -0.2414 -0.0638 1 0.75 -0.0051 0.2606 -0.9654
d -0.1256 -0.1207 -0.0299 0.75 1 -0.0051 0.2606 -0.9654
d -0.0629 -0.1207 -0.0313 0.75 0.75 -0.0051 0.2606 -0.9654
d -0.1256 -0.1207 -0.0299 0.75 1 -0.0051 0.2606 -0.9654
d -0.063 -0.2414 -0.0638 1 0.75 -0.0051 0.2606 -0.9654
d -0.1257 -0.2414 -0.0625 1 1 -0.0051 0.2606 -0.9654
d 0.0002 0.1207 0.0326 0.25 0.5 -0.0051 0.2606 -0.9654
d -0.0623 0.2414 0.0665 0 0.75 -0.0051 0.2606 -0.9654
d 0.0003 0.2414 0.0651 0 0.5 -0.0051 0.2606 -0.9654
d -0.0623 0.2414 0.0665 0 0.75 -0.0051 0.2606 -0.9654
d 0.0002 0.1207 0.0326 0.25 0.5 -0.0051 0.2606 -0.9654
d -0.0625 0.1207 0.0339 0.25 0.75 -0.0051 0.2606 -0.9654
d 0 0 0 0.5 0.5 -0.0051 0.2606 -0.9654
d -0.0625 0.1207 0.0339 0.25 0.75 -0.0051 0.2606 -0.9654
d 0.0002 0.1207 0.0326 0.25 0.5 -0.0051 0.2606 -0.9654
d -0.0625 0.1207 0.0339 0.25 0.75 -0.0051 0.2606 -0.9654
d 0 0 0 0.5 0.5 -0.0051 0.2606 -0.9654
d -0.0627 0 0.0013 0.5 0.75 -0.0051 0.2606 -0.9654
d -0.0002 -0.1207 -0.0326 0.75 0.5 -0.0051 0.2606 -0.9654
d -0.0627 0 0.0013 0.5 0.75 -0.0051 0.2606 -0.9654
d 0 0 0 0.5 0.5 -0.0051 0.2606 -0.9654
d -0.0627 0 0.0013 0.5 0.75 -0.0051 0.2606 -0.9654
d -0.0002 -0.1207 -0.0326 0.75 0.5 -0.0051 0.2606 -0.9654
d -0.0629 -0.1207 -0.0313 0.75 0.75 -0.0051 0.2606 -0.9654
d -0.0003 -0.2414 -0.0651 1 0.5 -0.0051 0.2606 -0.9654
d -0.0629 -0.1207 -0.0313 0.75 0.75 -0.0051 0.2606 -0.9654
d -0.0002 -0.1207 -0.0326 0.75 0.5 -0.0051 0.2606 -0.9654
d -0.0629 -0.1207 -0.0313 0.75 0.75 -0.0051 0.2606 -0.9654
d -0.0003 -0.2414 -0.0651 1 0.5 -0.0051 0.2606 -0.9654
d -0.063 -0.2414 -0.0638 1 0.75 -0.0051 0.2606 -0.9654
d 0.0629 0.1207 0.0313 0.25 0.25 -0.0051 0.2606 -0.9654
d 0.0003 0.2414 0.0651 0 0.5 -0.0051 0.2606 -0.9654
d 0.063 0.2414 0.0638 0 0.25 -0.0051 0.2606 -0.9654
d 0.0003 0.2414 0.0651 0 0.5 -0.0051 0.2606 -0.9654
d 0.0629 0.1207 0.0313 0.25 0.25 -0.0051 0.2606 -0.9654
d 0.0002 0.1207 0.0326 0.25 0.5 -0.0051 0.2606 -0.9654
d 0.0627 -0 -0.0013 0.5 0.25 -0.0051 0.2606 -0.9654
d 0.0002 0.1207 0.0326 0.25 0.5 -0.0051 0.2606 -0.9654
d 0.0629 0.1207 0.0313 0.25 0.25 -0.0051 0.2606 -0.9654
d 0.0002 0.1207 0.0326 0.25 0.5 -0.0051 0.2606 -0.9654
d 0.0627 -0 -0.0013 0.5 0.25 -0.0051 0.2606 -0.9654
d 0 0 0 0.5 0.5 -0.0051 0.2606 -0.9654
d 0.0625 -0.1207 -0.0339 0.75 0.25 -0.0051 0.2606 -0.9654
d 0 0 0 0.5 0.5 -0.0051 0.2606 -0.9654
d 0.0627 -0 -0.0013 0.5 0.25 -0.0051 0.2606 -0.9654
d 0 0 0 0.5 0.5 -0.0051 0.2606 -0.9654
d 0.0625 -0.1207 -0.0339 0.75 0.25 -0.0051 0.2606 -0.9654
d -0.0002 -0.1207 -0.0326 0.75 0.5 -0.0051 0.2606 -0.9654
d 0.0623 -0.2414 -0.0665 1 0.25 -0.0051 0.2606 -0.9654
d -0.0002 -0.1207 -0.0326 0.75 0.5 -0.0051 0.2606 -0.9654
d 0.0625 -0.1207 -0.0339 0.75 0.25 -0.0051 0.2606 -0.9654
d -0.0002 -0.1207 -0.0326 0.75 0.5 -0.0051 0.2606 -0.9654
d 0.0623 -0.2414 -0.0665 1 0.25 -0.0051 0.2606 -0.9654
d -0.0003 -0.2414 -0.0651 1 0.5 -0.0051 0.2606 -0.9654
d 0.1256 0.1207 0.0299 0.25 0 -0.0051 0.2606 -0.9654
d 0.063 0.2414 0.0638 0 0.25 -0.0051 0.2606 -0.9654
d 0.1257 0.2414 0.0625 0 0 -0.0051 0.2606 -0.9654
d 0.063 0.2414 0.0638 0 0.25 -0.0051 0.2606 -0.9654
d 0.1256 0.1207 0.0299 0.25 0 -0.0051 0.2606 -0.9654
d 0.0629 0.1207 0.0313 0.25 0.25 -0.0051 0.2606 -0.9654
d 0.1254 -0 -0.0026 0.5 0 -0.0051 0.2606 -0.9654
d 0.0629 0.1207 0.0313 0.25 0.25 -0.0051 0.2606 -0.9654
d 0.1256 0.1207 0.0299 0.25 0 -0.0051 0.2606 -0.9654
d 0.0629 0.1207 0.0313 0.25 0.25 -0.0051 0.2606 -0.9654
d 0.1254 -0 -0.0026 0.5 0 -0.0051 0.2606 -0.9654
d 0.0627 -0 -0.0013 0.5 0.25 -0.0051 0.2606 -0.9654
d 0.1252 -0.1207 -0.0352 0.75 0 -0.0051 0.2606 -0.9654
d 0.0627 -0 -0.0013 0.5 0.25 -0.0051 0.2606 -0.9654
d 0.1254 -0 -0.0026 0.5 0 -0.0051 0.2606 -0.9654
d 0.0627 -0 -0.0013 0.5 0.25 -0.0051 0.2606 -0.9654
d 0.1252 -0.1207 -0.0352 0.75 0 -0.0051 0.2606 -0.9654
d 0.0625 -0.1207 -0.0339 0.75 0.25 -0.0051 0.2606 -0.9654
d 0.125 -0.2414 -0.0678 1 0 -0.0051 0.2606 -0.9654
d 0.0625 -0.1207 -0.0339 0.75 0.25 -0.0051 0.2606 -0.9654
d 0.1252 -0.1207 -0.0352 0.75 0 -0.0051 0.2606 -0.9654
d 0.0625 -0.1207 -0.0339 0.75 0.25 -0.0051 0.2606 -0.9654
d 0.125 -0.2414 -0.0678 1 0 -0.0051 0.2606 -0.9654
d 0.0623 -0.2414 -0.0665 1 0.25 -0.0051 0.2606 -0.9654
