Vertex Count: 24

Data:

c 0.4235 0.0314 0.5333
d -0.3156 -0 -0 0.25 0.5 -0.5774 0.5774 0.5774
d -0 -0 0.3156 0 0.5 -0.5774 0.5774 0.5774
d 0 0.3156 0 0 0 -0.5774 0.5774 0.5774
d 0 -0 -0.3156 0.5 0.5 -0.5774 0.5774 -0.5774
d -0.3156 -0 -0 0.25 0.5 -0.5774 0.5774 -0.5774
d 0 0.3156 0 0.25 0 -0.5774 0.5774 -0.5774
d 0.3156 -0 0 0.75 0.5 0.5774 0.5774 -0.5774
d 0 -0 -0.3156 0.5 0.5 0.5774 0.5774 -0.5774
d 0 0.3156 0 0.5 0 0.5774 0.5774 -0.5774
d -0 -0 0.3156 1 0.5 0.5774 0.5774 0.5774
d 0.3156 -0 0 0.75 0.5 0.5774 0.5774 0.5774
d 0 0.3156 0 0.75 0 0.5774 0.5774 0.5774
d -0 -0 0.3156 0 0.5 -0.5774 -0.5774 0.5774
d -0.3156 -0 -0 0.25 0.5 -0.5774 -0.5774 0.5774
d 0 -0.3156 0 0 1 -0.5774 -0.5774 0.5774
d -0.3156 -0 -0 0.25 0.5 -0.5774 -0.5774 -0.5774
d 0 -0 -0.3156 0.5 0.5 -0.5774 -0.5774 -0.5774
d 0 -0.3156 0 0.25 1 -0.5774 -0.5774 -0.5774
d 0 -0 -0.3156 0.5 0.5 0.5774 -0.5774 -0.5774
d 0.3156 -0 0 0.75 0.5 0.5774 -0.5774 -0.5774
d 0 -0.3156 0 0.5 1 0.5774 -0.5774 -0.5774
d 0.3156 -0 0 0.75 0.5 0.5774 -0.5774 0.5774
d -0 -0 0.3156 1 0.5 0.5774 -0.5774 0.5774
d 0 -0.3156 0 0.75 1 0.5774 -0.5774 0.5774
