Vertex Count: 24

Data:

c 0.5294 0.0235 0.0235
d 0.75 0.75 1 1 1 0.9363 0 -0.3511
d 0.75 -0.75 1 0 1 0.9363 0 -0.3511
d 0 -0 -1 0.5 0 0.9363 0 -0.3511
d -0.75 0.75 1 1 1 -0 0.9363 -0.3511
d 0.75 0.75 1 0 1 -0 0.9363 -0.3511
d 0 -0 -1 0.5 0 -0 0.9363 -0.3511
d -0.75 -0.75 1 1 1 -0.9363 -0 -0.3511
d -0.75 0.75 1 0 1 -0.9363 -0 -0.3511
d 0 -0 -1 0.5 0 -0.9363 -0 -0.3511
d 0.75 -0.75 1 1 1 0 -0.9363 -0.3511
d -0.75 -0.75 1 0 1 0 -0.9363 -0.3511
d 0 -0 -1 0.5 0 0 -0.9363 -0.3511
d 0.75 0.75 1 1 0 -0 0 1
d 0 0 1 0.5 0.5 -0 0 1
d 0.75 -0.75 1 0 0 -0 0 1
d -0.75 0.75 1 1 1 -0 0 1
d 0 0 1 0.5 0.5 -0 0 1
d 0.75 0.75 1 1 0 -0 0 1
d -0.75 -0.75 1 0 1 -0 0 1
d 0 0 1 0.5 0.5 -0 0 1
d -0.75 0.75 1 1 1 -0 0 1
d 0.75 -0.75 1 0 0 -0 0 1
d 0 0 1 0.5 0.5 -0 0 1
d -0.75 -0.75 1 0 1 -0 0 1
