Vertex Count: 96

Data:

c 0.0549 0.7373 0.0235
d -0.0125 0.0241 0.0068 0.25 0.75 -0.0051 0.2606 -0.9654
d -0.025 0.0483 0.0136 0 1 -0.0051 0.2606 -0.9654
d -0.0125 0.0483 0.0133 0 0.75 -0.0051 0.2606 -0.9654
d -0.025 0.0483 0.0136 0 1 -0.0051 0.2606 -0.9654
d -0.0125 0.0241 0.0068 0.25 0.75 -0.0051 0.2606 -0.9654
d -0.025 0.0241 0.007 0.25 1 -0.0051 0.2606 -0.9654
d -0.0125 0 0.0003 0.5 0.75 -0.0051 0.2606 -0.9654
d -0.025 0.0241 0.007 0.25 1 -0.0051 0.2606 -0.9654
d -0.0125 0.0241 0.0068 0.25 0.75 -0.0051 0.2606 -0.9654
d -0.025 0.0241 0.007 0.25 1 -0.0051 0.2606 -0.9654
d -0.0125 0 0.0003 0.5 0.75 -0.0051 0.2606 -0.9654
d -0.0251 0 0.0005 0.5 1 -0.0051 0.2606 -0.9654
d -0.0126 -0.0241 -0.0063 0.75 0.75 -0.0051 0.2606 -0.9654
d -0.0251 0 0.0005 0.5 1 -0.0051 0.2606 -0.9654
d -0.0125 0 0.0003 0.5 0.75 -0.0051 0.2606 -0.9654
d -0.0251 0 0.0005 0.5 1 -0.0051 0.2606 -0.9654
d -0.0126 -0.0241 -0.0063 0.75 0.75 -0.0051 0.2606 -0.9654
d -0.0251 -0.0241 -0.006 0.75 1 -0.0051 0.2606 -0.9654
d -0.0126 -0.0483 -0.0128 1 0.75 -0.0051 0.2606 -0.9654
d -0.0251 -0.0241 -0.006 0.75 1 -0.0051 0.2606 -0.9654
d -0.0126 -0.0241 -0.0063 0.75 0.75 -0.0051 0.2606 -0.9654
d -0.0251 -0.0241 -0.006 0.75 1 -0.0051 0.2606 -0.9654
d -0.0126 -0.0483 -0.0128 1 0.75 -0.0051 0.2606 -0.9654
d -0.0251 -0.0483 -0.0125 1 1 -0.0051 0.2606 -0.9654
d 0 0.0241 0.0065 0.25 0.5 -0.0051 0.2606 -0.9654
d -0.0125 0.0483 0.0133 0 0.75 -0.0051 0.2606 -0.9654
d 0.0001 0.0483 0.013 0 0.5 -0.0051 0.2606 -0.9654
d -0.0125 0.0483 0.0133 0 0.75 -0.0051 0.2606 -0.9654
d 0 0.0241 0.0065 0.25 0.5 -0.0051 0.2606 -0.9654
d -0.0125 0.0241 0.0068 0.25 0.75 -0.0051 0.2606 -0.9654
d 0 0 0 0.5 0.5 -0.0051 0.2606 -0.9654
d -0.0125 0.0241 0.0068 0.25 0.75 -0.0051 0.2606 -0.9654
d 0 0.0241 0.0065 0.25 0.5 -0.0051 0.2606 -0.9654
d -0.0125 0.0241 0.0068 0.25 0.75 -0.0051 0.2606 -0.9654
d 0 0 0 0.5 0.5 -0.0051 0.2606 -0.9654
d -0.0125 0 0.0003 0.5 0.75 -0.0051 0.2606 -0.9654
d -0 -0.0241 -0.0065 0.75 0.5 -0.0051 0.2606 -0.9654
d -0.0125 0 0.0003 0.5 0.75 -0.0051 0.2606 -0.9654
d 0 0 0 0.5 0.5 -0.0051 0.2606 -0.9654
d -0.0125 0 0.0003 0.5 0.75 -0.0051 0.2606 -0.9654
d -0 -0.0241 -0.0065 0.75 0.5 -0.0051 0.2606 -0.9654
d -0.0126 -0.0241 -0.0063 0.75 0.75 -0.0051 0.2606 -0.9654
d -0.0001 -0.0483 -0.013 1 0.5 -0.0051 0.2606 -0.9654
d -0.0126 -0.0241 -0.0063 0.75 0.75 -0.0051 0.2606 -0.9654
d -0 -0.0241 -0.0065 0.75 0.5 -0.0051 0.2606 -0.9654
d -0.0126 -0.0241 -0.0063 0.75 0.75 -0.0051 0.2606 -0.9654
d -0.0001 -0.0483 -0.013 1 0.5 -0.0051 0.2606 -0.9654
d -0.0126 -0.0483 -0.0128 1 0.75 -0.0051 0.2606 -0.9654
d 0.0126 0.0241 0.0063 0.25 0.25 -0.0051 0.2606 -0.9654
d 0.0001 0.0483 0.013 0 0.5 -0.0051 0.2606 -0.9654
d 0.0126 0.0483 0.0128 0 0.25 -0.0051 0.2606 -0.9654
d 0.0001 0.0483 0.013 0 0.5 -0.0051 0.2606 -0.9654
d 0.0126 0.0241 0.0063 0.25 0.25 -0.0051 0.2606 -0.9654
d 0 0.0241 0.0065 0.25 0.5 -0.0051 0.2606 -0.9654
d 0.0125 -0 -0.0003 0.5 0.25 -0.0051 0.2606 -0.9654
d 0 0.0241 0.0065 0.25 0.5 -0.0051 0.2606 -0.9654
d 0.0126 0.0241 0.0063 0.25 0.25 -0.0051 0.2606 -0.9654
d 0 0.0241 0.0065 0.25 0.5 -0.0051 0.2606 -0.9654
d 0.0125 -0 -0.0003 0.5 0.25 -0.0051 0.2606 -0.9654
d 0 0 0 0.5 0.5 -0.0051 0.2606 -0.9654
d 0.0125 -0.0241 -0.0068 0.75 0.25 -0.0051 0.2606 -0.9654
d 0 0 0 0.5 0.5 -0.0051 0.2606 -0.9654
d 0.0125 -0 -0.0003 0.5 0.25 -0.0051 0.2606 -0.9654
d 0 0 0 0.5 0.5 -0.0051 0.2606 -0.9654
d 0.0125 -0.0241 -0.0068 0.75 0.25 -0.0051 0.2606 -0.9654
d -0 -0.0241 -0.0065 0.75 0.5 -0.0051 0.2606 -0.9654
d 0.0125 -0.0483 -0.0133 1 0.25 -0.0051 0.2606 -0.9654
d -0 -0.0241 -0.0065 0.75 0.5 -0.0051 0.2606 -0.9654
d 0.0125 -0.0241 -0.0068 0.75 0.25 -0.0051 0.2606 -0.9654
d -0 -0.0241 -0.0065 0.75 0.5 -0.0051 0.2606 -0.9654
d 0.0125 -0.0483 -0.0133 1 0.25 -0.0051 0.2606 -0.9654
d -0.0001 -0.0483 -0.013 1 0.5 -0.0051 0.2606 -0.9654
d 0.0251 0.0241 0.006 0.25 0 -0.0051 0.2606 -0.9654
d 0.0126 0.0483 0.0128 0 0.25 -0.0051 0.2606 -0.9654
d 0.0251 0.0483 0.0125 0 0 -0.0051 0.2606 -0.9654
d 0.0126 0.0483 0.0128 0 0.25 -0.0051 0.2606 -0.9654
d 0.0251 0.0241 0.006 0.25 0 -0.0051 0.2606 -0.9654
d 0.0126 0.0241 0.0063 0.25 0.25 -0.0051 0.2606 -0.9654
d 0.0251 -0 -0.0005 0.5 0 -0.0051 0.2606 -0.9654
d 0.0126 0.0241 0.0063 0.25 0.25 -0.0051 0.2606 -0.9654
d 0.0251 0.0241 0.006 0.25 0 -0.0051 0.2606 -0.9654
d 0.0126 0.0241 0.0063 0.25 0.25 -0.0051 0.2606 -0.9654
d 0.0251 -0 -0.0005 0.5 0 -0.0051 0.2606 -0.9654
d 0.0125 -0 -0.0003 0.5 0.25 -0.0051 0.2606 -0.9654
d 0.025 -0.0241 -0.007 0.75 0 -0.0051 0.2606 -0.9654
d 0.0125 -0 -0.0003 0.5 0.25 -0.0051 0.2606 -0.9654
d 0.0251 -0 -0.0005 0.5 0 -0.0051 0.2606 -0.9654
d 0.0125 -0 -0.0003 0.5 0.25 -0.0051 0.2606 -0.9654
d 0.025 -0.0241 -0.007 0.75 0 -0.0051 0.2606 -0.9654
d 0.0125 -0.0241 -0.0068 0.75 0.25 -0.0051 0.2606 -0.9654
d 0.025 -0.0483 -0.0136 1 0 -0.0051 0.2606 -0.9654
d 0.0125 -0.0241 -0.0068 0.75 0.25 -0.0051 0.2606 -0.9654
d 0.025 -0.0241 -0.007 0.75 0 -0.0051 0.2606 -0.9654
d 0.0125 -0.0241 -0.0068 0.75 0.25 -0.0051 0.2606 -0.9654
d 0.025 -0.0483 -0.0136 1 0 -0.0051 0.2606 -0.9654
d 0.0125 -0.0483 -0.0133 1 0.25 -0.0051 0.2606 -0.9654
