Vertex Count: 48

Data:

c 0.5294 0.0235 0.0235
d 0.9589 1.2331 0.0104 1 1 0.8648 0.4302 0.2338
d -0.0754 1.878 0.4745 0 1 0.8648 0.4302 0.2338
d 0.2132 1.2082 1.1005 0.5 0 0.8648 0.4302 0.2338
d -0.0392 0.5598 0.4367 1 1 0.8744 -0.4198 0.2154
d 0.9589 1.2331 0.0104 0 1 0.8744 -0.4198 0.2154
d 0.2132 1.2082 1.1005 0.5 0 0.8744 -0.4198 0.2154
d -1.0736 1.2046 0.9008 1 1 -0.4357 -0.4471 0.7892
d -0.0392 0.5598 0.4367 0 1 -0.4357 -0.4471 0.7892
d 0.2132 1.2082 1.1005 0.5 0 -0.4357 -0.4471 0.7892
d -0.0754 1.878 0.4745 1 1 -0.4453 0.4029 0.8075
d -1.0736 1.2046 0.9008 0 1 -0.4453 0.4029 0.8075
d 0.2132 1.2082 1.1005 0.5 0 -0.4453 0.4029 0.8075
d 0.9589 1.2331 0.0104 1 0 -0.3868 0.0152 -0.922
d -0.0573 1.2189 0.4556 0.5 0.5 -0.3868 0.0152 -0.922
d -0.0754 1.878 0.4745 0 0 -0.3868 0.0152 -0.922
d -0.0392 0.5598 0.4367 1 1 -0.3868 0.0152 -0.922
d -0.0573 1.2189 0.4556 0.5 0.5 -0.3868 0.0152 -0.922
d 0.9589 1.2331 0.0104 1 0 -0.3868 0.0152 -0.922
d -1.0736 1.2046 0.9008 0 1 -0.3868 0.0152 -0.922
d -0.0573 1.2189 0.4556 0.5 0.5 -0.3868 0.0152 -0.922
d -0.0392 0.5598 0.4367 1 1 -0.3868 0.0152 -0.922
d -0.0754 1.878 0.4745 0 0 -0.3868 0.0152 -0.922
d -0.0573 1.2189 0.4556 0.5 0.5 -0.3868 0.0152 -0.922
d -1.0736 1.2046 0.9008 0 1 -0.3868 0.0152 -0.922
c 0.5294 0.0235 0.0235
d 0.969 1.138 -0.0585 1 1 0.8458 -0.4246 -0.3031
d -0.096 0.5 -0.4583 0 1 0.8458 -0.4246 -0.3031
d 0.1466 1.1812 -1.0914 0.5 0 0.8458 -0.4246 -0.3031
d -0.0574 1.8173 -0.3997 1 1 0.8565 0.4249 -0.2703
d 0.969 1.138 -0.0585 0 1 0.8565 0.4249 -0.2703
d 0.1466 1.1812 -1.0914 0.5 0 0.8565 0.4249 -0.2703
d -1.1224 1.1793 -0.7994 1 1 -0.4915 0.4604 -0.7476
d -0.0574 1.8173 -0.3997 0 1 -0.4915 0.4604 -0.7476
d 0.1466 1.1812 -1.0914 0.5 0 -0.4915 0.4604 -0.7476
d -0.096 0.5 -0.4583 1 1 -0.5023 -0.3891 -0.7804
d -1.1224 1.1793 -0.7994 0 1 -0.5023 -0.3891 -0.7804
d 0.1466 1.1812 -1.0914 0.5 0 -0.5023 -0.3891 -0.7804
d 0.969 1.138 -0.0585 1 0 -0.3193 -0.0322 0.9471
d -0.0767 1.1586 -0.429 0.5 0.5 -0.3193 -0.0322 0.9471
d -0.096 0.5 -0.4583 0 0 -0.3193 -0.0322 0.9471
d -0.0574 1.8173 -0.3997 1 1 -0.3193 -0.0322 0.9471
d -0.0767 1.1586 -0.429 0.5 0.5 -0.3193 -0.0322 0.9471
d 0.969 1.138 -0.0585 1 0 -0.3193 -0.0322 0.9471
d -1.1224 1.1793 -0.7994 0 1 -0.3193 -0.0322 0.9471
d -0.0767 1.1586 -0.429 0.5 0.5 -0.3193 -0.0322 0.9471
d -0.0574 1.8173 -0.3997 1 1 -0.3193 -0.0322 0.9471
d -0.096 0.5 -0.4583 0 0 -0.3193 -0.0322 0.9471
d -0.0767 1.1586 -0.429 0.5 0.5 -0.3193 -0.0322 0.9471
d -1.1224 1.1793 -0.7994 0 1 -0.3193 -0.0322 0.9471
