Vertex Count: 36

Data:

c 0.0235 0.5294 0.0235
d -0.75 -0.75 -0.375 1 1 0 -1 0
d 0.75 -0.75 -0.375 0 1 0 -1 0
d 0.75 -0.75 1.125 0 0 0 -1 0
d 0.75 -0.75 1.125 0 0 0 -1 0
d -0.75 -0.75 1.125 1 0 0 -1 0
d -0.75 -0.75 -0.375 1 1 0 -1 0
d -0.75 0.75 -0.375 0 1 0 1 0
d -0.75 0.75 1.125 0 0 0 1 0
d 0.75 0.75 1.125 1 0 0 1 0
d 0.75 0.75 1.125 1 0 0 1 0
d 0.75 0.75 -0.375 1 1 0 1 0
d -0.75 0.75 -0.375 0 1 0 1 0
d -0.75 -0.75 -0.375 0 1 0 0 -1
d -0.75 0.75 -0.375 0 0 0 0 -1
d 0.75 0.75 -0.375 1 0 0 0 -1
d 0.75 0.75 -0.375 1 0 0 0 -1
d 0.75 -0.75 -0.375 1 1 0 0 -1
d -0.75 -0.75 -0.375 0 1 0 0 -1
d 0.75 -0.75 -0.375 0 1 1 0 0
d 0.75 0.75 -0.375 0 0 1 0 0
d 0.75 0.75 1.125 1 0 1 0 0
d 0.75 0.75 1.125 1 0 1 0 0
d 0.75 -0.75 1.125 1 1 1 0 0
d 0.75 -0.75 -0.375 0 1 1 0 0
d 0.75 -0.75 1.125 0 1 0 0 1
d 0.75 0.75 1.125 0 0 0 0 1
d -0.75 0.75 1.125 1 0 0 0 1
d -0.75 0.75 1.125 1 0 0 0 1
d -0.75 -0.75 1.125 1 1 0 0 1
d 0.75 -0.75 1.125 0 1 0 0 1
d -0.75 -0.75 1.125 0 1 -1 0 0
d -0.75 0.75 1.125 0 0 -1 0 0
d -0.75 0.75 -0.375 1 0 -1 0 0
d -0.75 0.75 -0.375 1 0 -1 0 0
d -0.75 -0.75 -0.375 1 1 -1 0 0
d -0.75 -0.75 1.125 0 1 -1 0 0
